[Event-to-counter mappings]
pmc0=cycles_allmodes
pmc1=bus_accesses
pmc2=cycles
pmc3=data_cache_eviction
[Event counts]
nsample    pid      event          pmc0          pmc1          pmc2          pmc3
      1  29435       tick      20243899          6500      18253571          1553 
      2  29435       tick      19143169             4      18555874             6 
      3  29435       tick      20654683             0      19864969             7 
      4  29435       tick      20162096             0      19493691             9 
      5  29435       tick      19972976             0      19438584             0 
      6  29435       tick      19974975             0      19444936             2 
      7  29435       tick      20009195             0      19498473             2 
      8  29435       tick      19975355             0      19356790             4 
      9  29435       tick      20010311             0      19501772             5 
     10  29435       tick      20009483             0      19452499             5 
     11  29435       tick      20010576             0      19491973             6 
     12  29435       tick      19998314             0      19453892             3 
     13  29435       tick      19975752             0      19377262             4 
     14  29435       tick      20010004             0      19462412             7 
     15  29435       tick      19974635             0      19348495             9 
     16  29435       tick      19710919             0      19218383             5 
     17  29435       tick      20272129             0      19716217             3 
     18  29435       tick      19975756             0      19434138             3 
     19  29435       tick      20010085             0      19507826             7 
     20  29435       tick      20009940             0      19506290             6 
     21  29435       tick      20009183             0      19501483             4 
     22  29435       tick      20010252             0      19461913             6 
     23  29435       tick      19968407             0      19292895             9 
     24  29435       tick      20017403             0      19459086             5 
     25  29435       tick      19974227             0      19458090             6 
     26  29435       tick      20010534             0      19456814             5 
     27  29435       tick      19975060             0      19207851             9 
     28  29435       tick      19975458             0      19404379             4 
     29  29435       tick      20010093             0      19512089             3 
     30  29435       tick      20009184             0      19506871             3 
     31  29435       tick      20010171             0      19497411             5 
     32  29435       tick      20009209             0      19504602             3 
     33  29435       tick      19956766             0      19262368             7 
     34  29435       tick      19993203             0      19416422             2 
     35  29435       tick      19964550             0      19372294             3 
     36  29435       tick      20009139             0      19486855             1 
     37  29435       tick      19975397             0      19425054            10 
     38  29435       tick      19976292             0      19439081             4 
     39  29435       tick      20010297             0      19508644             5 
     40  29435       tick      20010482             0      19464026             5 
     41  29435       tick      20009797             0      19503301             2 
     42  29435       tick      20010301             0      19504791             3 
     43  29435       tick      19956884             0      19194935             5 
     44  29435       tick      19988599             0      19380830             6 
     45  29435       tick      20026348             0      19509489             6 
     46  29435       tick      20017898             0      19495358             3 
     47  29435       tick      19975251             0      19409505             8 
     48  29435       tick      19974612             0      19454561             2 
     49  29435       tick      20010727             0      19502451             6 
     50  29435       tick      20010305             0      19506091             3 
     51  29435       tick      20011236             0      19443316             3 
     52  29435       tick      20010127             0      19497089             2 
     53  29435       tick      19347109             0      18757243             8 
     54  29435       tick      20615196             0      20028640             3 
     55  29435       tick      20021560             0      19410816             3 
     56  29435       tick      19982400             0      19356480             6 
     57  29435       tick      19974688             0      19462154             6 
     58  29435       tick      20009903             0      19507277             1 
     59  29435       tick      19974858             0      19443564             3 
     60  29435       tick      20009079             0      19505832             2 
     61  29435       tick      20010400             0      19499409             2 
     62  29435       tick      19990977             0      19470090             4 
     63  29435       tick      20010384             0      19276893            14 
     64  29435       tick      19974663             0      19341638             7 
     65  29435       tick      20008903             4      19309054             5 
     66  29435       tick      19988649             0      19450490             5 
     67  29435       tick      19944230             0      19443948             3 
     68  29435       tick      20048026             0      19521152             4 
     69  29435       tick      19976988             0      19412144             9 
     70  29435       tick      20010162             0      19503424             7 
     71  29435       tick      20009171             0      19506849             3 
     72  29435       tick      20010146             0      19495294             2 
     73  29435       tick      19985418             0      19207494            12 
     74  29435       tick      19977138             0      19399927             2 
     75  29435       tick      20011382             0      19454184             2 
     76  29435       tick      19974394             0      19421669             4 
     77  29435       tick      20022143             0      19501131             3 
     78  29435       tick      19984306             0      19457966             4 
     79  29435       tick      19977128             0      19401428             6 
     80  29435       tick      20009879             0      19509667             6 
     81  29435       tick      20009927             0      19512697             4 
     82  29435       tick      19653710             0      19109684             3 
     83  29435       tick      20347297             0      19663422             8 
     84  29435       tick      19974764             0      19401841             5 
     85  29435       tick      20009147             0      19472282             2 
     86  29435       tick      19974738             0      19453796             6 
     87  29435       tick      20009325             0      19497151             5 
     88  29435       tick      19987182             0      19453039             6 
     89  29435       tick      19983103             0      19407633             6 
     90  29435       tick      20009531             0      19506871             2 
     91  29435       tick      20010100             0      19503589             6 
     92  29435       tick      19991516             0      19408509             3 
     93  29435       tick      20010508             0      19363929             5 
     94  29435       tick      19974330             0      19410900             5 
     95  29435       tick      20010071             0      19493534             4 
     96  29435       tick      20009290             0      19415422             4 
     97  29435       tick      19975897             0      19448043             6 
     98  29435       tick      19974757             8      19453028             2 
     99  29435       tick      19933723             0      19436228             2 
    100  29435       tick      20051229             0      19510563             4 
    101  29435       tick      20010284             0      19512652             3 
    102  29435       tick      19990837             0      19459347             4 
    103  29435       tick      20011176             0      19288608             5 
    104  29435       tick      19626479             0      19125288             6 
    105  29435       tick      20356967             0      19752021             7 
    106  29435       tick      19998787             4      19321115             6 
    107  29435       tick      19975102             0      19398035             4 
    108  29435       tick      19975131             0      19456958             5 
    109  29435       tick      20008955             0      19516142             1 
    110  29435       tick      19923192             0      19426255             7 
    111  29435       tick      20068090             0      19538030             4 
    112  29435       tick      19993069             0      19472513             6 
    113  29435       tick      20014219             0      19229369            16 
    114  29435       tick      20014600             0      19470700             3 
    115  29435       tick      19981838             8      19423609             4 
    116  29435       tick      20013116             0      19422991             4 
    117  29435       tick      19979903             0      19459233             5 
    118  29435       tick      20014799             0      19477101             6 
    119  29435       tick      19975716             0      19466643             6 
    120  29435       tick      19985288             0      19450374             3 
    121  29435       tick      20017630             0      19509202             3 
    122  29435       tick      19991131             0      19474031             3 
    123  29435       tick      20010853             0      19213361             7 
    124  29435       tick      20010183             0      19475251             4 
    125  29435       tick      19976565             0      19404263             5 
    126  29435       tick      20009233             0      19434969             5 
    127  29435       tick      19975738             0      19453005             7 
    128  29435       tick      20011076             0      19410264             7 
    129  29435       tick      19975362             0      19452939             3 
    130  29435       tick      19976389             0      19447675             2 
    131  29435       tick      20021033             0      19506046             7 
    132  29435       tick      19993130             0      19458457             6 
    133  29435       tick      20009828             0      19451161             3 
    134  29435       tick      20009187             0      19462966             6 
    135  29435       tick      19975633             0      19444248             2 
    136  29435       tick      19964047             4      18315048             7 
    137  29435       tick      19974908             0      19450998            12 
    138  29435       tick      19990115             0      19389230             5 
    139  29435       tick      19976475             0      19400346             7 
    140  29435       tick      19975015             0      19407705             4 
    141  29435       tick      20010066             0      19502164             2 
    142  29435       tick      19959238             0      19463378             4 
    143  29435       tick      20039217             0      19348239             7 
    144  29435       tick      20010132             0      19511677             4 
    145  29435       tick      19975527             0      19456172             1 
    146  29435       tick      20010833             0      19454452             5 
    147  29435       tick      20008552             0      19504053             3 
    148  29435       tick      19975805             0      19449821             6 
    149  29435       tick      19974462             0      19455068             6 
    150  29435       tick      19975144             0      19457515             2 
    151  29435       tick      20009950             0      19401574             9 
    152  29435       tick      19989140            10      19477894             5 
    153  29435       tick      19952180             0      19341559             8 
    154  29435       tick      20066552             0      19538708             2 
    155  29435       tick      19823998             0      19283499             4 
    156  29435       tick      20159703             0      19538736             2 
    157  29435       tick      20009806             0      19505090             4 
    158  29435       tick      19974256             0      19447125             5 
    159  29435       tick      19975341             0      19459005             6 
    160  29435       tick      20009695             0      19471757             5 
    161  29435       tick      19976092             0      19405617             5 
    162  29435       tick      19992754             0      19434233             2 
    163  29435       tick      20008818             0      19352888             4 
    164  29435       tick      19950564             0      19471442             3 
    165  29435       tick      20067554             0      19540453             4 
    166  29435       tick      19974783             0      19441652             3 
    167  29435       tick      20010733             0      19505378             6 
    168  29435       tick      19976795             0      19454355             5 
    169  29435       tick      20010762             0      19451753             4 
    170  29435       tick      19976155             0      19423261             5 
    171  29435       tick      19974671             0      19394069             5 
    172  29435       tick      20017596             0      19322526             5 
    173  29435       tick      20009153             0      19466045             2 
    174  29435       tick      19965143             0      19472265             2 
    175  29435       tick      20052536             0      19524161             5 
    176  29435       tick      19957030             0      19348675             5 
    177  29435       tick      20009777             0      19514135             2 
    178  29435       tick      19974186             4      19373578             8 
    179  29435       tick      20010119             0      19491491             2 
    180  29435       tick      19975807             0      19452284             4 
    181  29435       tick      19976418             0      19326113             6 
    182  29435       tick      19966158             0      19258733            13 
    183  29435       tick      20010200             0      19401839             3 
    184  29435       tick      20010329             0      19496504             4 
    185  29435       tick      19954019             0      19401698             8 
    186  29435       tick      20028253             0      19477336             4 
    187  29435       tick      20009491             0      19357891             9 
    188  29435       tick      19975041             4      19374625             5 
    189  29435       tick      20009418             0      19501082             5 
    190  29435       tick      19975223             0      19459132             3 
    191  29435       tick      19973891             0      19441368             9 
    192  29435       tick      19963423             4      19203207             8 
    193  29435       tick      20010831             0      19359929             4 
    194  29435       tick      20010141             0      19497572             5 
    195  29435       tick      20009953             0      19505891             4 
    196  29435       tick      19885735             0      19297206             1 
    197  29435       tick      20096116             0      19561895             3 
    198  29435       tick      20010501             0      19462337             5 
    199  29435       tick      19975635             0      19445748             7 
    200  29435       tick      19974962             0      19401394             3 
    201  29435       tick      19975037             4      19405407             7 
    202  29435       tick      19985765             0      19254941            10 
    203  29435       tick      20010292             0      19499132             3 
    204  29435       tick      20010831             0      19494375             3 
    205  29435       tick      20010248             0      19513682             3 
    206  29435       tick      19998966             0      19503871             7 
    207  29435       tick      20017869             4      19494788             3 
    208  29435       tick      20009141             0      19463090             8 
    209  29435       tick      19976236             0      19446856             4 
    210  29435       tick      19976050             0      19456278             4 
    211  29435       tick      20010407             0      19501253             5 
    212  29435       tick      19959353             0      19230925            13 
    213  29435       tick      20012611             0      19498288             4 
    214  29435       tick      20010497             0      19500572             3 
    215  29435       tick      20012950             0      19463189             3 
    216  29435       tick      20010328             0      19421286             2 
    217  29435       tick      19914943             0      19376916             5 
    218  29435       tick      20070136             0      19531525             4 
    219  29435       tick      19974120             4      19446521             4 
    220  29435       tick      20008958             0      19503109             2 
    221  29435       tick      19974915             0      19460315             4 
    222  29435       tick      19967518             0      19255906            12 
    223  29435       tick      20010452             0      19501322             4 
    224  29435       tick      20010219             0      19510444             5 
    225  29435       tick      20010871             0      19501525             9 
    226  29435       tick      20010292             0      19510180             1 
    227  29435       tick      19975611             0      19443894             2 
    228  29435       tick      19947713             0      19423804             6 
    229  29435       tick      20034698             0      19498258             4 
    230  29435       tick      20009039             0      19493735             5 
    231  29435       tick      19974550             0      19409643             8 
    232  29435       tick      19947495             0      19109980            10 
    233  29435       tick      20008857             0      19496257             4 
    234  29435       tick      20010239             0      19505045             3 
    235  29435       tick      20009235             0      19495043             2 
    236  29435       tick      19934685             4      19305592             3 
    237  29435       tick      20009776             0      19495580             8 
    238  29435       tick      20008876             4      19465124             5 
    239  29435       tick      19909839             4      19411178             6 
    240  29435       tick      20054374             0      19471111             6 
    241  29435       tick      19975150             0      19451025             5 
    242  29435       tick      19956825             0      19139485            13 
    243  29435       tick      20010175             0      19493490             4 
    244  29435       tick      20010576             0      19466390             2 
    245  29435       tick      20010166             0      19493476             5 
    246  29435       tick      19973180             0      19460035             3 
    247  29435       tick      20010448             0      19507144             3 
    248  29435       tick      20010650             0      19451784             5 
    249  29435       tick      20022508             0      19507252             4 
    250  29435       exit       3728706           548       3367065            87 
