[Event-to-counter mappings]
pmc1=itlb_misses
pmc2=l1_data_accesses
pmc3=l1_data_refills
pmc4=l1_instr_refills
[Event counts]
nsample    pid      event          pmc1          pmc2          pmc3          pmc4
      1  16264       tick           524       6437466         39884         51142 
      2  16264       tick            46      10641424          1585         67828 
      3  16264       tick            96      18692499         13897         12964 
      4  16264       tick            93      18808054         13874         12530 
      5  16264       tick            88      18682875         13936         13353 
      6  16264       tick           109      18684759         14057         13436 
      7  16264       tick            87      18765069         13508         12719 
      8  16264       tick            83      18752208         13405         12778 
      9  16264       tick            85      18773161         13748         12452 
     10  16264       tick            89      18664428         13711         12722 
     11  16264       tick            95      18775487         13793         12943 
     12  16264       tick           100      18539954         13984         13651 
     13  16264       tick           104      18490712         13655         13590 
     14  16264       tick           101      18635311         13767         13403 
     15  16264       tick           104      18441799         14374         14950 
     16  16264       tick           102      18577611         14036         14052 
     17  16264       tick           100      18529106         13852         13624 
     18  16264       tick           101      18156490         13646         13576 
     19  16264       tick           116      18902040         14527         14311 
     20  16264       tick            87      18566834         13925         14017 
     21  16264       tick            97      18557949         13607         13273 
     22  16264       tick            98      18514500         13899         14096 
     23  16264       tick            93      18583265         13691         13554 
     24  16264       tick           102      18518830         14029         14030 
     25  16264       tick            97      18600935         13777         13391 
     26  16264       tick            89      18626452         13858         13934 
     27  16264       tick            96      18613299         13885         13274 
     28  16264       tick            93      18687923         13813         13155 
     29  16264       tick            86      18762377         13561         12513 
     30  16264       tick            90      18724239         13976         12839 
     31  16264       tick            87      18651733         13783         13407 
     32  16264       tick           107      18587489         14194         13894 
     33  16264       tick            98      18683361         13658         12936 
     34  16264       tick            90      18720123         13998         12980 
     35  16264       tick            93      18783355         13698         12698 
     36  16264       tick           103      18651150         14055         13314 
     37  16264       tick            84      18757740         13844         12855 
     38  16264       tick            93      18790794         13766         12658 
     39  16264       tick            95      18689232         13801         12864 
     40  16264       tick            92      18768211         13834         12578 
     41  16264       tick            81      18821678         13688         12490 
     42  16264       tick            88      18733080         13840         12653 
     43  16264       tick            85      18786318         13882         12515 
     44  16264       tick            94      18727687         14008         12918 
     45  16264       tick            89      18686711         13830         12956 
     46  16264       tick           105      18720729         14020         13469 
     47  16264       tick            95      18771313         13595         12584 
     48  16264       tick           102      18735385         13843         13311 
     49  16264       tick            98      18753431         13605         12502 
     50  16264       tick            90      18743742         13731         12931 
     51  16264       tick            90      18777297         13700         12564 
     52  16264       tick            81      18748685         13651         12545 
     53  16264       tick            82      18788565         13701         12424 
     54  16264       tick            85      18794011         13573         12620 
     55  16264       tick            82      18757864         13755         12576 
     56  16264       tick           117      18600905         13942         13839 
     57  16264       tick            89      18666315         13586         13114 
     58  16264       tick           100      18749728         13624         12729 
     59  16264       tick            90      18758160         13745         12689 
     60  16264       tick            80      18732497         13895         12958 
     61  16264       tick            91      18774364         13495         12670 
     62  16264       tick            78      18767773         13739         12625 
     63  16264       tick            82      18784203         13465         12412 
     64  16264       tick            81      18765155         13749         12678 
     65  16264       tick            95      18698780         13649         13097 
     66  16264       tick            94      18690685         14010         13407 
     67  16264       tick            83      18801561         13774         12779 
     68  16264       tick            83      18760894         13490         12582 
     69  16264       tick            86      18761453         13661         12355 
     70  16264       tick            84      18803483         13719         12499 
     71  16264       tick            91      18787585         13875         12486 
     72  16264       tick            93      18678700         13860         12872 
     73  16264       tick            97      18723813         13581         12499 
     74  16264       tick            81      18785697         13813         12539 
     75  16264       tick            89      18768273         13600         12513 
     76  16264       tick            88      18783052         13644         12697 
     77  16264       tick            87      18783109         13745         12489 
     78  16264       tick            84      18755561         13645         12563 
     79  16264       tick            95      18720843         13901         13038 
     80  16264       tick            98      18733372         13864         13115 
     81  16264       tick            87      18803366         13961         12602 
     82  16264       tick            86      18799615         13661         12654 
     83  16264       tick            95      18744549         13815         12682 
     84  16264       tick            80      18806368         13745         12362 
     85  16264       tick            97      18670177         13740         13145 
     86  16264       tick           101      18718580         13766         13198 
     87  16264       tick            90      18790179         13587         12377 
     88  16264       tick            95      18769385         13794         12573 
     89  16264       tick            90      18748812         13707         12886 
     90  16264       tick            90      18721787         13695         12875 
     91  16264       tick            87      18761914         13757         12815 
     92  16264       tick            84      18822110         13552         12188 
     93  16264       tick            95      18714042         13973         12850 
     94  16264       tick            85      18765235         13587         12591 
     95  16264       tick            96      18722871         13760         13009 
     96  16264       tick            88      18739992         13937         12871 
     97  16264       tick            86      18767298         13616         12481 
     98  16264       tick            90      18768585         13659         12482 
     99  16264       tick            96      18737513         13804         12738 
    100  16264       tick            86      18081567         13458         12349 
    101  16264       tick           100      19407836         14426         13029 
    102  16264       tick            76      18807897         13543         12295 
    103  16264       tick           100      18618794         13933         13013 
    104  16264       tick            97      18801250         13580         12578 
    105  16264       tick            92      18703823         13901         13213 
    106  16264       tick            92      18777844         13584         12342 
    107  16264       tick            93      18733869         13879         12974 
    108  16264       tick            81      18792014         13854         12395 
    109  16264       tick            95      18756850         13746         12645 
    110  16264       tick            99      18719383         13917         12804 
    111  16264       tick            87      18738419         13756         12787 
    112  16264       tick           103      18797799         14017         12529 
    113  16264       tick            90      18778798         13677         12492 
    114  16264       tick            92      18755676         13941         12639 
    115  16264       tick            91      18669014         13910         13183 
    116  16264       tick           102      18717179         13917         13171 
    117  16264       tick            89      18757643         13767         12546 
    118  16264       tick            93      18719272         13553         12627 
    119  16264       tick            82      18812494         14032         12863 
    120  16264       tick            85      18810965         13843         12466 
    121  16264       tick            84      18747276         14029         12857 
    122  16264       tick            83      18822243         13842         12671 
    123  16264       tick            89      18787379         13675         12424 
    124  16264       tick            96      18768027         14022         12582 
    125  16264       tick            98      18727548         13737         12831 
    126  16264       tick            92      18746442         14040         13001 
    127  16264       tick            88      18792575         13791         12506 
    128  16264       tick            83      18784913         13732         12633 
    129  16264       tick            88      18720346         13860         12708 
    130  16264       tick            80      18215739         13442         12134 
    131  16264       tick            87      19352791         14262         12984 
    132  16264       tick            83      18846191         13909         12400 
    133  16264       tick            81      18794805         13795         12507 
    134  16264       tick            92      18734090         13953         12775 
    135  16264       tick            93      18757658         13987         13066 
    136  16264       tick            80      18824465         13707         12246 
    137  16264       tick            97      18691546         13900         13045 
    138  16264       tick            82      18793878         13633         12172 
    139  16264       tick            84      18738811         13923         12811 
    140  16264       tick            81      18769493         13755         12449 
    141  16264       tick            95      18753618         13603         12565 
    142  16264       tick            81      18822962         13677         12446 
    143  16264       exit           142       4396879          5596          4251 
