[Event-to-counter mappings]
pmc1=l2_cache_accesses
pmc2=l2_cache_refills
pmc3=l2_cache_writebacks
pmc4=llc_accesses
[Event counts]
nsample    pid      event          pmc1          pmc2          pmc3          pmc4
      1  24506       tick         43135          3294           882         43135 
      2  24506       tick        667849          1836           611        667849 
      3  24506       tick        658990           628           229        658990 
      4  24506       tick        682117           392           144        682117 
      5  24506       tick        669949           420           145        669949 
      6  24506       tick        663214           381           128        663214 
      7  24506       tick        660868           546           187        660868 
      8  24506       tick        664929           618           189        664929 
      9  24506       tick        681183           421           128        681183 
     10  24506       tick        662472           472           152        662472 
     11  24506       tick        662959           402           111        662959 
     12  24506       tick        656591           954           259        656591 
     13  24506       tick        675691           434           144        675691 
     14  24506       tick        677668           350           101        677668 
     15  24506       tick        661150           393           111        661150 
     16  24506       tick        659681           560           168        659681 
     17  24506       tick        660880           342            83        660880 
     18  24506       tick        670326           356            94        670326 
     19  24506       tick        673338           475           129        673338 
     20  24506       tick        660822           393           101        660822 
     21  24506       tick        658171           456           141        658171 
     22  24506       tick        676322           492           118        676322 
     23  24506       tick        661928           355            99        661928 
     24  24506       tick        675060           429           128        675060 
     25  24506       tick        661272           466           120        661272 
     26  24506       tick        659232           431           129        659232 
     27  24506       tick        673865           485           129        673865 
     28  24506       tick        669662           358           104        669662 
     29  24506       tick        664325           436           117        664325 
     30  24506       tick        661871           378            98        661871 
     31  24506       tick        672787           511           129        672787 
     32  24506       tick        661108           383           113        661108 
     33  24506       tick        676969           392           113        676969 
     34  24506       tick        662034           383            91        662034 
     35  24506       tick        662632           374            82        662632 
     36  24506       tick        671846           606           137        671846 
     37  24506       tick        660710           438           111        660710 
     38  24506       tick        675547           413           102        675547 
     39  24506       tick        660947           541           141        660947 
     40  24506       tick        675547           374           105        675547 
     41  24506       tick        661888           455           112        661888 
     42  24506       tick        662597           466           130        662597 
     43  24506       tick        677535           329            83        677535 
     44  24506       tick        662685           406            92        662685 
     45  24506       tick        674493           441           122        674493 
     46  24506       tick        660502           363           109        660502 
     47  24506       tick        669195           363           104        669195 
     48  24506       tick        663237           618           134        663237 
     49  24506       tick        673241           308            88        673241 
     50  24506       tick        661007           437           133        661007 
     51  24506       tick        659402           479           130        659402 
     52  24506       tick        675651           411           119        675651 
     53  24506       tick        661950           368            85        661950 
     54  24506       tick        671560           444           126        671560 
     55  24506       tick        662836           471           107        662836 
     56  24506       tick        659892           455            95        659892 
     57  24506       tick        673711           394            94        673711 
     58  24506       tick        674232           388            89        674232 
     59  24506       tick        661816           577           154        661816 
     60  24506       tick        660193           458           120        660193 
     61  24506       tick        660336           456           118        660336 
     62  24506       tick        677112           252            39        677112 
     63  24506       tick        673544           785           190        673544 
     64  24506       tick        659796           557           143        659796 
     65  24506       tick        658542           538           155        658542 
     66  24506       tick        659693           305            63        659693 
     67  24506       tick        686947           498           123        686947 
     68  24506       tick        661867           356           103        661867 
     69  24506       tick        662678           480           121        662678 
     70  24506       tick        614572           518           150        614572 
     71  24506       tick        637003           491           144        637003 
     72  24506       tick        659778           464           111        659778 
     73  24506       tick        661556           359            82        661556 
     74  24506       tick        684394           356           119        684394 
     75  24506       tick        660216           341            99        660216 
     76  24506       tick        661317           507           120        661317 
     77  24506       tick        657955           458           107        657955 
     78  24506       tick        676958           357            99        676958 
     79  24506       tick        676588           358            83        676588 
     80  24506       tick        662940           390            83        662940 
     81  24506       tick        660187           383            97        660187 
     82  24506       tick        661672           418            97        661672 
     83  24506       tick        672039           469            99        672039 
     84  24506       tick        675700           446           105        675700 
     85  24506       tick        662956           390            87        662956 
     86  24506       tick        660316           364            90        660316 
     87  24506       tick        673938           443           108        673938 
     88  24506       tick        664733           628           158        664733 
     89  24506       tick        671855           354            92        671855 
     90  24506       tick        654949           425           116        654949 
     91  24506       tick        666868           392            92        666868 
     92  24506       tick        671460           450           109        671460 
     93  24506       tick        673633           404           118        673633 
     94  24506       tick        662770           480           122        662770 
     95  24506       tick        660765           437           114        660765 
     96  24506       tick        673436           600           157        673436 
     97  24506       tick        659682           430           113        659682 
     98  24506       tick        674611           437           127        674611 
     99  24506       tick        659155           423           102        659155 
    100  24506       tick        660826           405            81        660826 
    101  24506       tick        674566           417            95        674566 
    102  24506       tick        660019           541           144        660019 
    103  24506       tick        679643           424           109        679643 
    104  24506       tick        662421           405           100        662421 
    105  24506       tick        675333           398            88        675333 
    106  24506       tick        662489           390            96        662489 
    107  24506       tick        663285           381            82        663285 
    108  24506       tick        673252           871           212        673252 
    109  24506       tick        661037           443            95        661037 
    110  24506       tick        674223           567           138        674223 
    111  24506       tick        662204           295            77        662204 
    112  24506       tick        673673           285            75        673673 
    113  24506       tick        666173           312            80        666173 
    114  24506       tick        675583           387            98        675583 
    115  24506       tick        660406           386           102        660406 
    116  24506       tick        663091           466           111        663091 
    117  24506       tick        669699           437           106        669699 
    118  24506       tick        662095           375            88        662095 
    119  24506       tick        647609           291            78        647609 
    120  24506       tick        683529           474           105        683529 
    121  24506       tick        662415           415            99        662415 
    122  24506       tick        674787           288            76        674787 
    123  24506       tick        672840           413           116        672840 
    124  24506       tick        663520           500           138        663520 
    125  24506       tick        661043           473           105        661043 
    126  24506       tick        655739           855           178        655739 
    127  24506       tick        673751           511           141        673751 
    128  24506       tick        671646           452           122        671646 
    129  24506       tick        661229           421            99        661229 
    130  24506       tick        661285           429           125        661285 
    131  24506       tick        668803           413           107        668803 
    132  24506       tick        677455           367            90        677455 
    133  24506       tick        664508           382           107        664508 
    134  24506       tick        661393           474           125        661393 
    135  24506       tick        661890           363            87        661890 
    136  24506       tick        671756           290            68        671756 
    137  24506       tick        674258           504           132        674258 
    138  24506       tick        663976           573           153        663976 
    139  24506       tick        611605           487           136        611605 
    140  24506       tick        664034           322            91        664034 
    141  24506       tick        661715           499           132        661715 
    142  24506       tick        658078           736           165        658078 
    143  24506       tick        662122           500           102        662122 
    144  24506       tick        685276           298            65        685276 
    145  24506       tick        659628           388            80        659628 
    146  24506       tick        662064           390            95        662064 
    147  24506       tick        659501           481           118        659501 
    148  24506       tick        674606           514           113        674606 
    149  24506       tick        675441           436           108        675441 
    150  24506       tick        661517           424           101        661517 
    151  24506       tick        660202           422           105        660202 
    152  24506       tick        659234           428           106        659234 
    153  24506       tick        672966           403            93        672966 
    154  24506       tick        674624           462           117        674624 
    155  24506       tick        656845           522           117        656845 
    156  24506       tick        659673           414           112        659673 
    157  24506       tick        670817           405            93        670817 
    158  24506       tick        659212           435           123        659212 
    159  24506       tick        676085           363            76        676085 
    160  24506       tick        661302           346            81        661302 
    161  24506       tick        658973           502           139        658973 
    162  24506       tick        671256           440            86        671256 
    163  24506       tick        662161           336            75        662161 
    164  24506       tick        669646           453           113        669646 
    165  24506       tick        658934           553           114        658934 
    166  24506       tick        666497           427           113        666497 
    167  24506       tick        663977           611           151        663977 
    168  24506       tick        673707           423           106        673707 
    169  24506       tick        666312           406            85        666312 
    170  24506       tick        655854           862           198        655854 
    171  24506       tick        673861           456            95        673861 
    172  24506       tick        660663           529           126        660663 
    173  24506       tick        674559           483           124        674559 
    174  24506       tick        661967           313            72        661967 
    175  24506       tick        669327           587           144        669327 
    176  24506       tick        661200           363            80        661200 
    177  24506       tick        658573           415            75        658573 
    178  24506       tick        675661           348            87        675661 
    179  24506       tick        658407           256            57        658407 
    180  24506       tick        672025           396           104        672025 
    181  24506       tick        659671           492           123        659671 
    182  24506       tick        668314           355           102        668314 
    183  24506       tick        666588           476           147        666588 
    184  24506       tick        671886           293            70        671886 
    185  24506       tick        663499           425           127        663499 
    186  24506       tick        661252           359            93        661252 
    187  24506       tick        669516           392           104        669516 
    188  24506       tick        661879           501           113        661879 
    189  24506       tick        672468           455           119        672468 
    190  24506       tick        657759           433            92        657759 
    191  24506       tick        658947           476           112        658947 
    192  24506       tick        674753           342            78        674753 
    193  24506       tick        667129           314            89        667129 
    194  24506       tick        667863           334            83        667863 
    195  24506       tick        661436           421           100        661436 
    196  24506       tick        659104           527           136        659104 
    197  24506       tick        670550           435           116        670550 
    198  24506       tick        668196           679           152        668196 
    199  24506       tick        658395           639           174        658395 
    200  24506       tick        658752           453           112        658752 
    201  24506       tick        666123           341            79        666123 
    202  24506       tick        677943           353            74        677943 
    203  24506       tick        668647           347            93        668647 
    204  24506       tick        661965           494           122        661965 
    205  24506       tick        664344           303            73        664344 
    206  24506       tick        671237           424           102        671237 
    207  24506       tick        678285           474           103        678285 
    208  24506       tick        635031           434           103        635031 
    209  24506       tick        623215           273            62        623215 
    210  24506       tick        678153           374           107        678153 
    211  24506       tick        659957           305            71        659957 
    212  24506       tick        660403           411           106        660403 
    213  24506       tick        659533           451           141        659533 
    214  24506       tick        675865           329            83        675865 
    215  24506       tick        657633           381            87        657633 
    216  24506       tick        674341           482           124        674341 
    217  24506       tick        656265           694           177        656265 
    218  24506       tick        673024           385           103        673024 
    219  24506       tick        673493           301            67        673493 
    220  24506       tick        660338           297            84        660338 
    221  24506       exit        395680           915           180        395680 
