[Event-to-counter mappings]
pmc1=l2_cache_accesses
pmc2=l2_cache_refills
pmc3=l2_cache_writebacks
pmc4=llc_accesses
[Event counts]
nsample    pid      event          pmc1          pmc2          pmc3          pmc4
      1  32335       tick        453500          7711          6097        453500 
      2  32335       tick        858190         10414          8772        858190 
      3  32335       tick        857637         11621          9118        857637 
      4  32335       tick        843158         12056          9442        843158 
      5  32335       tick        853712         10643          8673        853712 
      6  32335       tick        873594          9631          8147        873594 
      7  32335       tick        871073         10136          8118        871073 
      8  32335       tick        843816         13312         10021        843816 
      9  32335       tick        860472         10892          9078        860472 
     10  32335       tick        850063         10737          9124        850063 
     11  32335       tick        858985         10286          8849        858985 
     12  32335       tick        869141          9458          8234        869141 
     13  32335       tick        878727          9706          7989        878727 
     14  32335       tick        855826         11381          9112        855826 
     15  32335       tick        853116         10809          8974        853116 
     16  32335       tick        861411         10607          8991        861411 
     17  32335       tick        858561          9925          8844        858561 
     18  32335       tick        851537         12274          9279        851537 
     19  32335       tick        876946         10168          8357        876946 
     20  32335       tick        861507         10755          8597        861507 
     21  32335       tick        856842         11217          9352        856842 
     22  32335       tick        864351         10086          8798        864351 
     23  32335       tick        853785         10833          8942        853785 
     24  32335       tick        854104         10387          8743        854104 
     25  32335       tick        867853         10366          8526        867853 
     26  32335       tick        873213          9442          7925        873213 
     27  32335       tick        861463          9624          8374        861463 
     28  32335       tick        839611         13502          9714        839611 
     29  32335       tick        861350         10387          8698        861350 
     30  32335       tick        861565          9942          8576        861565 
     31  32335       tick        862873         10483          8867        862873 
     32  32335       tick        879731          9926          8423        879731 
     33  32335       tick        849284         11848          9380        849284 
     34  32335       tick        859428         10920          9038        859428 
     35  32335       tick        856337         11551          9262        856337 
     36  32335       tick        853247         10820          9089        853247 
     37  32335       tick        869190         10873          9080        869190 
     38  32335       tick        868589         11591          8876        868589 
     39  32335       tick        855394          9876          8284        855394 
     40  32335       tick        860040         10732          9295        860040 
     41  32335       tick        847885         12254          9601        847885 
     42  32335       tick        859500         10815          9039        859500 
     43  32335       tick        858966         12497          9547        858966 
     44  32335       tick        866404         11512          9017        866404 
     45  32335       tick        852834         10751          8606        852834 
     46  32335       tick        855573          9816          8601        855573 
     47  32335       tick        861579         10242          8728        861579 
     48  32335       tick        850262         13078          9700        850262 
     49  32335       tick        866106          9779          8345        866106 
     50  32335       tick        866889          9700          8206        866889 
     51  32335       tick        864325         11381          8929        864325 
     52  32335       tick        847330         11853          9373        847330 
     53  32335       tick        857948         11519          9143        857948 
     54  32335       tick        849216         11197          9169        849216 
     55  32335       tick        861932         11080          8867        861932 
     56  32335       tick        875105         10403          8642        875105 
     57  32335       tick        863893         10618          8520        863893 
     58  32335       tick        851831         12178          9246        851831 
     59  32335       tick        861936          9735          8513        861936 
     60  32335       tick        855341         10247          8575        855341 
     61  32335       tick        858846         10605          9149        858846 
     62  32335       tick        863905         10083          8556        863905 
     63  32335       tick        837996         11555          8849        837996 
     64  32335       tick        876725         13053          9914        876725 
     65  32335       tick        850392         11187          9095        850392 
     66  32335       tick        861312          9892          8550        861312 
     67  32335       tick        863014         10242          8649        863014 
     68  32335       tick        855705         13267          9215        855705 
     69  32335       tick        858072         11271          9204        858072 
     70  32335       tick        855986         10496          8742        855986 
     71  32335       tick        854288         12133          9734        854288 
     72  32335       tick        856379         11248          9254        856379 
     73  32335       tick        866121          9963          8527        866121 
     74  32335       tick        865620         11432          8953        865620 
     75  32335       tick        855968         11635          9429        855968 
     76  32335       tick        855565         11835          9588        855565 
     77  32335       tick        859825         10777          9101        859825 
     78  32335       tick        841242         12354          9269        841242 
     79  32335       tick        869167          9705          8347        869167 
     80  32335       tick        872235         10186          8971        872235 
     81  32335       tick        859986         10078          8377        859986 
     82  32335       tick        856060         10986          9347        856060 
     83  32335       tick        850049         11115          9290        850049 
     84  32335       tick        850816         11315          9412        850816 
     85  32335       tick        866001         11842          9488        866001 
     86  32335       tick        856685         12407          9297        856685 
     87  32335       tick        851516         12749          9940        851516 
     88  32335       tick        845882         13239          9750        845882 
     89  32335       tick        857227         10232          8709        857227 
     90  32335       tick        871572          9716          8372        871572 
     91  32335       tick        853510          9174          8168        853510 
     92  32335       tick        868644          9573          8170        868644 
     93  32335       tick        859224         10984          9282        859224 
     94  32335       tick        852281         11069          9105        852281 
     95  32335       tick        860122         10581          9087        860122 
     96  32335       tick        855264         10798          8804        855264 
     97  32335       tick        859266         11954          9441        859266 
     98  32335       tick        872584         11379          9093        872584 
     99  32335       tick        849552         12188          9791        849552 
    100  32335       tick        857296         11228          9535        857296 
    101  32335       tick        858735         10283          8828        858735 
    102  32335       tick        852343         10739          8809        852343 
    103  32335       tick        864912         11745          9432        864912 
    104  32335       tick        858564         11445          8955        858564 
    105  32335       tick        851520         11497          9223        851520 
    106  32335       tick        855045         11351          9544        855045 
    107  32335       tick        844197         12627          9746        844197 
    108  32335       tick        863473         12610          9641        863473 
    109  32335       tick        863171          9038          8128        863171 
    110  32335       tick        870046         10204          8415        870046 
    111  32335       tick        861495         10168          8840        861495 
    112  32335       tick        852759         10788          8967        852759 
    113  32335       tick        857187         10474          8890        857187 
    114  32335       tick        862068         10724          8888        862068 
    115  32335       tick        861783         10735          9229        861783 
    116  32335       tick        864161         12470          9808        864161 
    117  32335       tick        848313         12011          9068        848313 
    118  32335       tick        830477         14285         10322        830477 
    119  32335       tick        862375         10690          8796        862375 
    120  32335       tick        860202         10043          8572        860202 
    121  32335       tick        859478         11667          9195        859478 
    122  32335       tick        858997         10082          8700        858997 
    123  32335       tick        848689         11033          9048        848689 
    124  32335       tick        854114         10718          9172        854114 
    125  32335       tick        863859          9641          8506        863859 
    126  32335       tick        860559         10753          9385        860559 
    127  32335       tick        862802         12577          9719        862802 
    128  32335       tick        849160         12781          9626        849160 
    129  32335       tick        860523          9957          8698        860523 
    130  32335       tick        859298         10297          8771        859298 
    131  32335       tick        858038         10666          9156        858038 
    132  32335       tick        854787         11121          9529        854787 
    133  32335       tick        865175         11660          9493        865175 
    134  32335       tick        860679         10095          8837        860679 
    135  32335       tick        853225         11496          9708        853225 
    136  32335       tick        854333         10248          8940        854333 
    137  32335       tick        858257         12981          9818        858257 
    138  32335       tick        849594         11829          9332        849594 
    139  32335       tick        873201          9943          8728        873201 
    140  32335       tick        858870          9889          8615        858870 
    141  32335       tick        840613         12729          9750        840613 
    142  32335       tick        860649         10408          8667        860649 
    143  32335       tick        867789         10639          9183        867789 
    144  32335       tick        839514         12167          9716        839514 
    145  32335       tick        873743         10016          8832        873743 
    146  32335       tick        850564         10451          8923        850564 
    147  32335       tick        849895         13025          9868        849895 
    148  32335       tick        848666         13040          9569        848666 
    149  32335       tick        854824         10069          8772        854824 
    150  32335       tick        862212          9871          8646        862212 
    151  32335       tick        874736          9991          8286        874736 
    152  32335       tick        855208         10455          8750        855208 
    153  32335       tick        859169         10355          9309        859169 
    154  32335       tick        851776         12065          9359        851776 
    155  32335       tick        866125         10658          9049        866125 
    156  32335       tick        861165          9776          9055        861165 
    157  32335       tick        866744         11204          9492        866744 
    158  32335       tick        846616         12770          9787        846616 
    159  32335       tick        858107         11261          9453        858107 
    160  32335       tick        852381         10785          8925        852381 
    161  32335       tick        863242         10104          8601        863242 
    162  32335       tick        853676         10302          8980        853676 
    163  32335       tick        871726         11146          9188        871726 
    164  32335       tick        852785         11448          9614        852785 
    165  32335       tick        841425         12612          9739        841425 
    166  32335       tick        872533         10333          8867        872533 
    167  32335       tick        850815         11204          9190        850815 
    168  32335       tick        857324         13383          9476        857324 
    169  32335       tick        861364         11307          9445        861364 
    170  32335       tick        850276         11990          9259        850276 
    171  32335       tick        860596         10597          9016        860596 
    172  32335       tick        871189         10569          8919        871189 
    173  32335       exit        469146          7330          5493        469146 
