[Event-to-counter mappings]
pmc0=cycles_allmodes
pmc1=bus_accesses
pmc2=cycles
pmc3=data_cache_eviction
[Event counts]
nsample    pid      event          pmc0          pmc1          pmc2          pmc3
      1  14914       tick      29984125         46181      11141521        131439 
      2  14914       tick      29933265         56860      28206781        351294 
      3  14914       tick      29962728         52074      28668452        359167 
      4  14914       tick      30032139         57662      28158663        350577 
      5  14914       tick      30016692         64914      28594886        356122 
      6  14914       tick      29997860         57856      28569725        356077 
      7  14914       tick      30019302         64987      28157568        349242 
      8  14914       tick      30016533         53689      28665376        357423 
      9  14914       tick      30018280         55048      28683993        357252 
     10  14914       tick      30017522         65977      27667107        342281 
     11  14914       tick      29917397         65483      28475311        353425 
     12  14914       tick      29948568         61728      28275022        351937 
     13  14914       tick      30030000         57496      28673231        356879 
     14  14914       tick      29993267         68113      28156122        348575 
     15  14914       tick      30018384         63036      28351957        352801 
     16  14914       tick      30018630         59529      28624006        356097 
     17  14914       tick      29943662         74732      27925261        344271 
     18  14914       tick      30017591         65223      27903638        345827 
     19  14914       tick      30018477         52116      28680936        357721 
     20  14914       tick      30017964         62634      28253241        351062 
     21  14914       tick      29965815         64246      28458387        352754 
     22  14914       tick      29903085         61621      28458999        353166 
     23  14914       tick      30019990         60607      28285104        351573 
     24  14914       tick      29855187         67049      28271150        350374 
     25  14914       tick      30124442         63151      28033608        347329 
     26  14914       tick      30018612         61814      28614820        356478 
     27  14914       tick      30019356         65427      28197932        350046 
     28  14914       tick      30019698         58188      28387221        354723 
     29  14914       tick      30002802         55152      28552784        355659 
     30  14914       tick      29922633         62725      28462838        354839 
     31  14914       tick      30016680         56248      28397298        355756 
     32  14914       tick      29898201         59544      28407131        353510 
     33  14914       tick      29909555         62639      28209003        350941 
     34  14914       tick      29793600         63054      28408497        353693 
     35  14914       tick      30123505         52837      28756855        359004 
     36  14914       tick      29846924         67861      28074110        347429 
     37  14914       tick      29758805         77559      27986104        345318 
     38  14914       tick      29923666         60720      28271302        351784 
     39  14914       tick      30018838         58236      28339335        353372 
     40  14914       tick      30018742         54694      28538475        356066 
     41  14914       tick      30015429         56859      28411101        354410 
     42  14914       tick      29968248         57057      28612243        357008 
     43  14914       tick      29951099         64734      28458641        353577 
     44  14914       tick      29904557         60430      28299334        352007 
     45  14914       tick      30100660         53939      28716845        358176 
     46  14914       tick      29951478         69291      28167712        348952 
     47  14914       tick      30019266         63552      28522890        354019 
     48  14914       tick      29965927         67686      28470866        352818 
     49  14914       tick      30018020         52765      28433380        354614 
     50  14914       tick      30017757         51556      28711044        358801 
     51  14914       tick      30016830         56272      28663826        356515 
     52  14914       tick      29966590         58420      28361594        352610 
     53  14914       tick      29899045         68101      28323807        351201 
     54  14914       tick      29898402         59160      28152219        350118 
     55  14914       tick      30109615         60580      28662883        356883 
     56  14914       tick      30017604         57025      28661097        356787 
     57  14914       tick      30016901         56041      28414100        353674 
     58  14914       tick      30017493         54623      28422095        353444 
     59  14914       tick      29970841         57058      28602785        356243 
     60  14914       tick      30016029         58955      28362088        352529 
     61  14914       tick      29987542         58466      28597921        355846 
     62  14914       tick      29966955         57522      28367219        352900 
     63  14914       tick      29948173         56993      28597353        355941 
     64  14914       tick      29919324         63382      28466184        353784 
     65  14914       tick      30077984         65809      28399493        353620 
     66  14914       tick      30019404         58939      28591050        315266 
     67  14914       tick      30018672         58658      28269002        336652 
     68  14914       tick      29998227         60035      28565532        355795 
     69  14914       tick      29969399         57728      28603836        356476 
     70  14914       tick      30016758         53284      28436755        353952 
     71  14914       tick      30016992         51218      28682951        358381 
     72  14914       tick      30019075         58437      28612413        357188 
     73  14914       tick      29897635         55175      28260887        352556 
     74  14914       tick      29940913         58710      28504945        354823 
     75  14914       tick      30066792         55299      28449029        354749 
     76  14914       tick      30001351         64491      28421081        353298 
     77  14914       tick      30017979         55235      28684995        355115 
     78  14914       tick      30018867         50894      28191810        353249 
     79  14914       tick      29967293         62725      28311773        351815 
     80  14914       tick      30016691         54401      28387440        353483 
     81  14914       tick      30016080         60819      28367154        352310 
     82  14914       tick      30017157         56803      28685412        357488 
     83  14914       tick      29880324         65966      28023385        346453 
     84  14914       tick      29999388         62399      28401356        353001 
     85  14914       tick      30033010         51221      28697807        358555 
     86  14914       tick      30016539         58549      28291392        352078 
     87  14914       tick      30018975         51616      28670099        357066 
     88  14914       tick      30021534         51368      28470623        354295 
     89  14914       tick      29953647         68716      27830689        344143 
     90  14914       tick      30055318         56079      28407304        353703 
     91  14914       tick      30017900         66418      28116311        348606 
     92  14914       tick      30021241         62248      28625506        355933 
     93  14914       tick      29968884         65957      28251152        349527 
     94  14914       tick      29842548         70853      28097330        347368 
     95  14914       tick      30089782         63166      28278416        351293 
     96  14914       tick      30017004         67666      28140127        349877 
     97  14914       tick      30018393         72453      28156534        348632 
     98  14914       tick      30025104         63621      28228599        351270 
     99  14914       tick      29972767         68469      28318056        353427 
    100  14914       tick      30019872         65464      28458247        354461 
    101  14914       tick      30017556         64734      28491910        354722 
    102  14914       tick      30017013         52293      28430376        355636 
    103  14914       tick      29967444         57473      28619421        356415 
    104  14914       tick      29815541         75812      27901958        347236 
    105  14914       tick      30129134         56061      28610273        356592 
    106  14914       tick      30017325         63435      28287633        351698 
    107  14914       tick      30016383         56049      28359955        353390 
    108  14914       tick      30018690         57574      28599150        357128 
    109  14914       tick      30021668         57451      28543691        355734 
    110  14914       tick      29965065         62328      28325185        352208 
    111  14914       tick      30019695         53898      28690049        357197 
    112  14914       tick      30017889         65867      28218939        349918 
    113  14914       tick      29964120         54828      28620414        356008 
    114  14914       tick      29800245         68474      28392454        351802 
    115  14914       tick      30133202         53562      28494553        355640 
    116  14914       tick      29987691         57204      28458679        354350 
    117  14914       tick      30021647         51607      28433847        354157 
    118  14914       tick      29960278         53484      28356508        353016 
    119  14914       tick      30019639         54834      28635196        356815 
    120  14914       tick      29969301         72798      28039040        346558 
    121  14914       tick      29999298         57276      28496176        354601 
    122  14914       tick      30000740         58430      28598434        355783 
    123  14914       tick      30019541         55339      28284865        351840 
    124  14914       tick      29790475         71306      28363839        351638 
    125  14914       tick      30113219         61461      28175735        349709 
    126  14914       tick      30018081         59730      28317601        351299 
    127  14914       tick      30019491         61966      28434606        353429 
    128  14914       tick      30018981         60655      28305839        352497 
    129  14914       tick      30017301         55957      28589185        357261 
    130  14914       tick      29965946         60567      28540975        354983 
    131  14914       tick      30018195         56076      28443470        355054 
    132  14914       tick      30020451         49499      28671322        314624 
    133  14914       tick      29986864         63849      28329365        352934 
    134  14914       tick      29847773         60430      28486364        353505 
    135  14914       tick      30065389         58230      28590609        354363 
    136  14914       tick      30000215         68112      27956769        353102 
    137  14914       tick      30020619         62624      28591336        354173 
    138  14914       tick      30015641         62665      28209136        352364 
    139  14914       tick      30019134         58651      28584879        355387 
    140  14914       tick      29954586         58386      28351860        353805 
    141  14914       tick      30018882         54297      28416397        353802 
    142  14914       tick      30021507         46442      28650868        354926 
    143  14914       tick      30017967         60916      28530167        354028 
    144  14914       tick      29882669         62977      28168864        353524 
    145  14914       tick      29995406         51506      28579806        354215 
    146  14914       tick      29983728         71840      28153378        352092 
    147  14914       tick      30017469         54929      28678986        353821 
    148  14914       tick      29915963         62440      28532093        353733 
    149  14914       tick      30018884         55168      28399210        353639 
    150  14914       tick      29923485         65365      28430704        353027 
    151  14914       tick      30019764         51325      28623642        354247 
    152  14914       tick      30019604         60684      28286061        353376 
    153  14914       tick      30018570         57138      28665210        354277 
    154  14914       tick      29871161         65500      28272785        354009 
    155  14914       tick      30025678         61596      28440435        354309 
    156  14914       tick      30018061         64285      28408623        353622 
    157  14914       tick      30021483         48756      28434935        354267 
    158  14914       tick      30018774         57021      28510572        352977 
    159  14914       tick      30016194         63481      28209363        352752 
    160  14914       tick      29965755         66627      28604051        355358 
    161  14914       tick      29931392         57154      28391760        353770 
    162  14914       tick      30024789         57234      28302014        354683 
    163  14914       tick      29986089         56997      28564931        354016 
    164  14914       tick      29866270         70740      28493151        353363 
    165  14914       tick      30060543         56639      28439943        354752 
    166  14914       tick      30031008         65973      28479719        353724 
    167  14914       tick      30030660         56983      28413873        353867 
    168  14914       tick      30027220         60141      28481707        353712 
    169  14914       tick      30025324         66797      28490135        353234 
    170  14914       tick      30024727         48326      28464510        352963 
    171  14914       tick      29976843         53889      28617648        355486 
    172  14914       tick      30018159         51094      28699091        358321 
    173  14914       tick      30003995         57651      28109021        349179 
    174  14914       tick      30030974         62429      28606325        356440 
    175  14914       tick      29900501         63046      28062872        348515 
    176  14914       tick      30018324         61419      28677722        355070 
    177  14914       tick      30018035         63537      28532149        354969 
    178  14914       tick      30017502         61171      28415786        353895 
    179  14914       tick      30018921         53276      28416568        353367 
    180  14914       tick      30016937         63713      28380067        352602 
    181  14914       tick      29966799         62954      28529024        354811 
    182  14914       tick      30020523         55939      28608357        356561 
    183  14914       tick      28831506         55265      27238674        345370 
    184  14914       tick      31008708         70364      27883581        339306 
    185  14914       tick      29524970        186626      26348084        296067 
    186  14914       tick      30139455         70387      27903601        342970 
    187  14914       tick      29838119         54125      28420457        354507 
    188  14914       tick      30019761         64224      28363573        352846 
    189  14914       tick      30018489         56554      28634919        353583 
    190  14914       tick      30019936         57747      28652613        356957 
    191  14914       tick      29964751         66869      28227465        351740 
    192  14914       tick      30021661         61773      28575751        354019 
    193  14914       tick      29970240         67485      28472975        354730 
    194  14914       tick      29906578         57356      28288871        355010 
    195  14914       tick      30128127         62723      28695668        356722 
    196  14914       tick      29939141         67383      28114907        352179 
    197  14914       tick      29969682         52632      28569542        354467 
    198  14914       tick      30017051         48145      28858736        319211 
    199  14914       tick      30016267         58980      28142816        350076 
    200  14914       tick      30017931         59261      28460747        354815 
    201  14914       tick      30022029         60099      28351702        352864 
    202  14914       tick      29971692         56641      28457194        354432 
    203  14914       tick      30001356         61966      28629267        355912 
    204  14914       tick      30030520         56520      28419364        353952 
    205  14914       tick      30017101         59241      28562353        356356 
    206  14914       tick      29947439         73538      28430876        352480 
    207  14914       tick      29966822         66959      28221421        350004 
    208  14914       tick      30017289         64673      28680434        357283 
    209  14914       tick      30016467         68191      28248176        349468 
    210  14914       exit      11490355         24999      10521037        127301 
