[Event-to-counter mappings]
pmc1=inmediate_branches_retired
pmc2=instr
pmc3=instr_arch_executed
pmc4=instr_cache_access
[Event counts]
nsample    pid      event          pmc1          pmc2          pmc3          pmc4
      1  23930       tick       1182636       7808189       7808189       4586715 
      2  23930       tick       3136680      21248615      21248615      12050565 
      3  23930       tick       3043452      20597397      20597397      11650811 
      4  23930       tick       3150568      21351011      21351011      12141490 
      5  23930       tick       3115571      21140405      21140405      11976073 
      6  23930       tick       3107507      21075675      21075675      11937600 
      7  23930       tick       3107069      21070374      21070374      11935204 
      8  23930       tick       3126045      21177782      21177782      11965302 
      9  23930       tick       3104530      21029504      21029504      11952098 
     10  23930       tick       3110524      21069692      21069692      11975066 
     11  23930       tick       3092809      20946253      20946253      11904981 
     12  23930       tick       3098353      20991703      20991703      11927339 
     13  23930       tick       3125702      21178609      21178609      12035441 
     14  23930       tick       3077946      20849528      20849528      11841881 
     15  23930       tick       3102695      21009730      21009730      11937558 
     16  23930       tick       3102212      21016125      21016125      11928429 
     17  23930       tick       3069423      20793460      20793460      11782438 
     18  23930       tick       3124297      21161567      21161567      12035163 
     19  23930       tick       3099278      20984055      20984055      11930838 
     20  23930       tick       3116013      21084323      21084323      11976590 
     21  23930       tick       3127638      21111449      21111449      11987232 
     22  23930       tick       3116883      21061899      21061899      11947161 
     23  23930       tick       3131918      21188701      21188701      12044291 
     24  23930       tick       3095182      20961892      20961892      11888589 
     25  23930       tick       3113809      21095946      21095946      11966342 
     26  23930       tick       3104197      21025413      21025413      11949344 
     27  23930       tick       3074360      20819644      20819644      11772838 
     28  23930       tick       3107034      21044415      21044415      11961271 
     29  23930       tick       3109597      21067331      21067331      11972730 
     30  23930       tick       3104854      21033052      21033052      11951250 
     31  23930       tick       3113232      21085196      21085196      11992468 
     32  23930       tick       3069330      20783871      20783871      11783327 
     33  23930       tick       3103518      21020487      21020487      11920504 
     34  23930       tick       3128981      21197339      21197339      12053068 
     35  23930       tick       3092269      20950385      20950385      11893783 
     36  23930       tick       3127417      21191056      21191056      12037928 
     37  23930       tick       3072917      20812133      20812133      11794136 
     38  23930       tick       3110377      21071899      21071899      11969418 
     39  23930       tick       3126068      21179183      21179183      12041407 
     40  23930       tick       3096973      20976819      20976819      11922745 
     41  23930       tick       3114855      21107896      21107896      11984656 
     42  23930       tick       3108908      21062995      21062995      11968749 
     43  23930       tick       3093465      20952161      20952161      11907012 
     44  23930       tick       3104754      21034075      21034075      11948873 
     45  23930       tick       3087669      20921659      20921659      11857595 
     46  23930       tick       3141873      21349161      21349161      12033552 
     47  23930       tick       3095057      20976698      20976698      11894001 
     48  23930       tick       3103606      21026991      21026991      11902029 
     49  23930       tick       3123892      21165314      21165314      12009897 
     50  23930       tick       3111719      21081698      21081698      11986757 
     51  23930       tick       3075051      20820897      20820897      11827685 
     52  23930       tick       3103075      21021324      21021324      11941409 
     53  23930       tick       3099891      20998672      20998672      11924930 
     54  23930       tick       3102323      21012143      21012143      11939854 
     55  23930       tick       3091217      20936058      20936058      11894876 
     56  23930       tick       3082927      20879766      20879766      11854502 
     57  23930       tick       3102815      21018197      21018197      11937953 
     58  23930       tick       3109761      21068203      21068203      11966297 
     59  23930       tick       3098459      20987369      20987369      11922102 
     60  23930       tick       3114277      21099607      21099607      11987553 
     61  23930       tick       3087091      20918067      20918067      11834380 
     62  23930       tick       3122765      21152342      21152342      12015530 
     63  23930       tick       3125564      21177021      21177021      12040574 
     64  23930       tick       3092471      20942301      20942301      11900107 
     65  23930       tick       3087469      21374549      21374549      12089013 
     66  23930       tick       2960102      21544709      21544709      12251587 
     67  23930       tick       3078388      20850913      20850913      11841020 
     68  23930       tick       3129075      21202578      21202578      12047916 
     69  23930       tick       3098586      20992682      20992682      11921457 
     70  23930       tick       3111727      21082452      21082452      11975710 
     71  23930       tick       3127862      21234851      21234851      11996231 
     72  23930       tick       3062059      20705156      20705156      11771113 
     73  23930       tick       3139330      21341889      21341889      12029129 
     74  23930       tick       3097667      20984834      20984834      11896001 
     75  23930       tick       3128971      21193541      21193541      12001116 
     76  23930       tick       3117251      21116027      21116027      12005836 
     77  23930       tick       3059691      20721953      20721953      11770555 
     78  23930       tick       3112444      21087371      21087371      11978303 
     79  23930       tick       3116628      21113091      21113091      12011838 
     80  23930       tick       3084549      20894488      20894488      11827417 
     81  23930       tick       3127079      21187090      21187090      12053082 
     82  23930       tick       3083574      20885072      20885072      11852278 
     83  23930       tick       3087088      20909476      20909476      11885323 
     84  23930       tick       3112780      21085543      21085543      11979613 
     85  23930       tick       3099731      20993449      20993449      11921597 
     86  23930       tick       3124521      21145168      21145168      12003766 
     87  23930       tick       3041180      20615611      20615611      11699230 
     88  23930       tick       3125999      21182406      21182406      12040419 
     89  23930       tick       3133049      21196506      21196506      12048026 
     90  23930       tick       3056196      20727833      20727833      11751502 
     91  23930       tick       3101903      21016044      21016044      11942201 
     92  23930       tick       3090696      20934162      20934162      11887881 
     93  23930       tick       3079798      20856319      20856319      11849118 
     94  23930       tick       3116720      21115799      21115799      12003671 
     95  23930       tick       3095102      20960822      20960822      11897372 
     96  23930       tick       3086740      20902294      20902294      11878512 
     97  23930       tick       3105668      21039933      21039933      11933196 
     98  23930       tick       3080138      20861327      20861327      11852927 
     99  23930       tick       3147639      21284619      21284619      12091436 
    100  23930       tick       3124505      21097687      21097687      11985286 
    101  23930       tick       3105758      21013295      21013295      11936173 
    102  23930       tick       3088697      20943539      20943539      11900982 
    103  23930       tick       3048353      20737029      20737029      11788503 
    104  23930       tick       3157959      21268836      21268836      12043933 
    105  23930       tick       3095668      20974445      20974445      11910715 
    106  23930       tick       3040432      20709378      20709378      11769903 
    107  23930       tick       3076610      20858755      20858755      11849929 
    108  23930       tick       3074812      20831861      20831861      11833913 
    109  23930       tick       3104507      21035166      21035166      11946044 
    110  23930       tick       3085222      20899597      20899597      11868434 
    111  23930       tick       3092348      20946989      20946989      11905923 
    112  23930       tick       3081660      20870303      20870303      11857303 
    113  23930       tick       3066095      20767338      20767338      11773676 
    114  23930       tick       3078145      20847407      20847407      11813228 
    115  23930       tick       3108866      21061839      21061839      11964063 
    116  23930       tick       3061532      20734535      20734535      11733610 
    117  23930       tick       3055298      20687115      20687115      11744610 
    118  23930       tick       3097249      20979804      20979804      11919655 
    119  23930       tick       3077796      20847824      20847824      11838274 
    120  23930       tick       3106158      21045438      21045438      11956547 
    121  23930       tick       3106020      21034030      21034030      11948208 
    122  23930       tick       3074917      20829461      20829461      11823362 
    123  23930       tick       3100309      21002744      21002744      11907968 
    124  23930       tick       3095567      20968338      20968338      11901473 
    125  23930       tick       3103956      21031990      21031990      11942440 
    126  23930       tick       3096240      20982604      20982604      11912038 
    127  23930       tick       3057751      20704070      20704070      11747884 
    128  23930       tick       3119493      21136845      21136845      12012432 
    129  23930       tick       3073606      20815193      20815193      11824413 
    130  23930       tick       3124792      21170043      21170043      12032685 
    131  23930       tick       3084081      21817572      21817572      12284981 
    132  23930       tick       3033890      21005085      21005085      11871235 
    133  23930       tick       3104153      21030005      21030005      11947549 
    134  23930       tick       3123627      21163652      21163652      12003433 
    135  23930       tick       3098569      20985537      20985537      11912060 
    136  23930       tick       3126726      21185138      21185138      12046406 
    137  23930       tick       3014418      20404306      20404306      11570508 
    138  23930       tick       3111129      21078998      21078998      11980569 
    139  23930       tick       3100026      21002424      21002424      11923471 
    140  23930       tick       3097693      20983495      20983495      11904056 
    141  23930       tick       3093682      20950759      20950759      11904263 
    142  23930       tick       3126666      21189075      21189075      12044376 
    143  23930       tick       3061172      20737119      20737119      11767856 
    144  23930       tick       3106261      21038766      21038766      11958241 
    145  23930       tick       3052303      20670535      20670535      11717207 
    146  23930       tick       3108550      21055295      21055295      11963116 
    147  23930       tick       3078530      20851078      20851078      11843382 
    148  23930       tick       3089516      20929746      20929746      11892944 
    149  23930       tick       3095448      20963541      20963541      11915967 
    150  23930       tick       3106450      21041825      21041825      11962771 
    151  23930       tick       3095809      20969714      20969714      11914650 
    152  23930       tick       3114988      21103869      21103869      11972001 
    153  23930       tick       3070614      20789336      20789336      11808638 
    154  23930       tick       3118721      21120245      21120245      12011893 
    155  23930       tick       3116614      21111492      21111492      12000632 
    156  23930       tick       3088741      20921126      20921126      11883162 
    157  23930       tick       3060056      20730975      20730975      11763200 
    158  23930       tick       3080896      20875133      20875133      11853262 
    159  23930       tick       3111669      21079485      21079485      11961630 
    160  23930       tick       3119888      21131032      21131032      12015736 
    161  23930       tick       3086866      20907676      20907676      11840162 
    162  23930       tick       3101248      21013778      21013778      11935044 
    163  23930       tick       3096521      20977667      20977667      11915595 
    164  23930       tick       3090555      20926784      20926784      11894869 
    165  23930       tick       3129076      21201613      21201613      12051029 
    166  23930       tick       3097042      20968518      20968518      11924849 
    167  23930       tick       3096628      20967954      20967954      11918479 
    168  23930       tick       3108177      21065536      21065536      11960862 
    169  23930       tick       3103282      21015783      21015783      11939963 
    170  23930       tick       3101617      21016829      21016829      11908935 
    171  23930       tick       3096857      20980668      20980668      11920059 
    172  23930       tick       3086546      20901892      20901892      11879765 
    173  23930       tick       3085876      20902670      20902670      11870665 
    174  23930       tick       3045879      20625680      20625680      11709000 
    175  23930       tick       3097375      20977560      20977560      11916470 
    176  23930       tick       3111666      21077982      21077982      11967833 
    177  23930       tick       3097537      20981819      20981819      11921376 
    178  23930       tick       3083345      20879799      20879799      11855305 
    179  23930       tick       3075799      20832280      20832280      11838704 
    180  23930       tick       3121481      21141208      21141208      12021433 
    181  23930       tick       3047365      20635545      20635545      11713951 
    182  23930       tick       3084636      20891383      20891383      11870339 
    183  23930       tick       3087277      20905315      20905315      11879777 
    184  23930       tick       3096918      20972298      20972298      11906075 
    185  23930       tick       3083309      20889879      20889879      11860084 
    186  23930       tick       3010658      20529003      20529003      11649703 
    187  23930       tick       3043855      20648815      20648815      11658024 
    188  23930       tick       3098270      20989452      20989452      11920345 
    189  23930       tick       3096437      20973908      20973908      11906872 
    190  23930       tick       3085216      20894604      20894604      11854959 
    191  23930       tick       3122747      21145357      21145357      12023032 
    192  23930       tick       3109579      21042902      21042902      11934725 
    193  23930       tick       3064386      20776484      20776484      11764597 
    194  23930       tick       3084236      20891700      20891700      11867625 
    195  23930       tick       3082576      20880062      20880062      11861773 
    196  23930       tick       3109941      21061564      21061564      11950423 
    197  23930       tick       3057415      22102601      22102601      12377015 
    198  23930       tick       3072414      20806677      20806677      11816483 
    199  23930       tick       3125152      21176331      21176331      12033952 
    200  23930       tick       3100053      20999858      20999858      11907425 
    201  23930       tick       3134666      21239679      21239679      12075347 
    202  23930       tick       3126051      21176667      21176667      12039254 
    203  23930       tick       3094377      20960637      20960637      11906734 
    204  23930       tick       3105095      21034036      21034036      11954580 
    205  23930       tick       3099830      20999801      20999801      11927566 
    206  23930       tick       3054238      20685927      20685927      11721450 
    207  23930       tick       3016183      20419250      20419250      11581157 
    208  23930       tick       3126664      21184791      21184791      12022487 
    209  23930       exit        399604       2683425       2683425       1486077 
