[Event-to-counter mappings]
pmc1=inmediate_branches_retired
pmc2=instr
pmc3=instr_arch_executed
pmc4=instr_cache_access
[Event counts]
nsample    pid      event          pmc1          pmc2          pmc3          pmc4
      1  30925       tick             0       5564202       5564202        156753 
      2  30925       tick             0       6277120       6277120        114680 
      3  30925       tick             0      15668398      15668398         42485 
      4  30925       tick             0      21236283      21236283          1702 
      5  30925       tick             0      21326162      21326162          1867 
      6  30925       tick             0      21271721      21271721          1735 
      7  30925       tick             0      21272081      21272081          1784 
      8  30925       tick             0      21268432      21268432          1741 
      9  30925       tick             0      21279482      21279482          1771 
     10  30925       tick             0      21322921      21322921          1699 
     11  30925       tick             0      21307322      21307322          1761 
     12  30925       tick             0      21322230      21322230          1707 
     13  30925       tick             0      21266452      21266452          1693 
     14  30925       tick             0      21349932      21349932          1783 
     15  30925       tick             0      21232992      21232992          1784 
     16  30925       tick             0      21197391      21197391          1734 
     17  30925       tick             0      21232152      21232152          1774 
     18  30925       tick             0      21239433      21239433          1746 
     19  30925       tick             0      21260140      21260140          1789 
     20  30925       tick             0      21049850      21049850          2271 
     21  30925       tick             0      21240683      21240683          1840 
     22  30925       tick             0      21265630      21265630          1690 
     23  30925       tick             0      21269583      21269583          1782 
     24  30925       tick             0      21264303      21264303          1800 
     25  30925       tick             0      21233442      21233442          1861 
     26  30925       tick             0      21228838      21228838          1777 
     27  30925       tick             0      21220693      21220693          1761 
     28  30925       tick             0      21278921      21278921          1774 
     29  30925       tick             0      21305331      21305331          1822 
     30  30925       tick             0      21293173      21293173          1824 
     31  30925       tick             0      21269251      21269251          1700 
     32  30925       tick             0      21243652      21243652          1749 
     33  30925       tick             0      21338613      21338613          1825 
     34  30925       tick             0      21233722      21233722          1834 
     35  30925       tick             0      21229061      21229061          1741 
     36  30925       tick             0      21255179      21255179          1839 
     37  30925       tick             0      21259631      21259631          1788 
     38  30925       tick             0      21307625      21307625          1812 
     39  30925       tick             0      21305278      21305278          1711 
     40  30925       tick             0      21096212      21096212          2272 
     41  30925       tick             0      21270554      21270554          1697 
     42  30925       tick             0      21318600      21318600          1906 
     43  30925       tick             0      21275350      21275350          1720 
     44  30925       tick             0      21227313      21227313          1946 
     45  30925       tick             0      21251771      21251771          1766 
     46  30925       tick             0      21248152      21248152          1835 
     47  30925       tick             0      21288603      21288603          1693 
     48  30925       tick             0      21310339      21310339          1811 
     49  30925       tick             0      21293941      21293941          1764 
     50  30925       tick             0      21289693      21289693          1768 
     51  30925       tick             0      21315731      21315731          1750 
     52  30925       tick             0      21270344      21270344          1836 
     53  30925       tick             0      21263892      21263892          1815 
     54  30925       tick             0      21253158      21253158          1809 
     55  30925       tick             0      21256573      21256573          1801 
     56  30925       tick             0      21254010      21254010          1838 
     57  30925       tick             0      21303103      21303103          1855 
     58  30925       tick             0      21272970      21272970          1775 
     59  30925       tick             0      21298603      21298603          1766 
     60  30925       tick             0      21035873      21035873          2157 
     61  30925       tick             0      21320279      21320279          1930 
     62  30925       tick             0      21252332      21252332          1813 
     63  30925       tick             0      21309701      21309701          1775 
     64  30925       tick             0      21223374      21223374          1781 
     65  30925       tick             0      21251319      21251319          1864 
     66  30925       tick             0      21294802      21294802          1766 
     67  30925       tick             0      21300611      21300611          1779 
     68  30925       tick             0      21304464      21304464          1769 
     69  30925       tick             0      21269899      21269899          1784 
     70  30925       tick             0      21326312      21326312          1848 
     71  30925       tick             0      21239731      21239731          1805 
     72  30925       tick             0      21297594      21297594          1792 
     73  30925       tick             0      21266092      21266092          1842 
     74  30925       tick             0      21256649      21256649          1762 
     75  30925       tick             0      21307192      21307192          1758 
     76  30925       tick             0      21293751      21293751          1753 
     77  30925       tick             0      21293971      21293971          1828 
     78  30925       tick             0      21302505      21302505          1763 
     79  30925       tick             0      21304839      21304839          1707 
     80  30925       tick             0      21087364      21087364          2313 
     81  30925       tick             0      21265369      21265369          1775 
     82  30925       tick             0      21256282      21256282          1814 
     83  30925       tick             0      21280693      21280693          1698 
     84  30925       tick             0      21293992      21293992          1820 
     85  30925       tick             0      21303089      21303089          1741 
     86  30925       tick             0      21291392      21291392          1847 
     87  30925       tick             0      21297011      21297011          1702 
     88  30925       tick             0      21262252      21262252          1681 
     89  30925       tick             0      21330813      21330813          1765 
     90  30925       tick             0      21268450      21268450          1772 
     91  30925       tick             0      21280073      21280073          1698 
     92  30925       tick             0      21266530      21266530          1755 
     93  30925       tick             0      21317520      21317520          1686 
     94  30925       tick             0      21318813      21318813          1760 
     95  30925       tick             0      21305101      21305101          1724 
     96  30925       tick             0      21296294      21296294          1758 
     97  30925       tick             0      21233998      21233998          1721 
     98  30925       tick             0      21320892      21320892          1890 
     99  30925       tick             0      21265383      21265383          1886 
    100  30925       tick             0      21096851      21096851          2149 
    101  30925       tick             0      21239182      21239182          1807 
    102  30925       tick             0      21295841      21295841          1774 
    103  30925       tick             0      21305992      21305992          1830 
    104  30925       tick             0      21307401      21307401          1688 
    105  30925       tick             0      21282482      21282482          1837 
    106  30925       tick             0      21236221      21236221          1699 
    107  30925       tick             0      21160132      21160132          1821 
    108  30925       tick             0      21372173      21372173          1803 
    109  30925       tick             0      21303560      21303560          1815 
    110  30925       tick             0      21254443      21254443          1777 
    111  30925       tick             0      21265430      21265430          1814 
    112  30925       tick             0      21315620      21315620          1699 
    113  30925       tick             0      21293685      21293685          1827 
    114  30925       tick             0      21300969      21300969          1774 
    115  30925       tick             0      21259932      21259932          1794 
    116  30925       tick             0      21228801      21228801          1851 
    117  30925       tick             0      21270622      21270622          1850 
    118  30925       tick             0      21295520      21295520          1767 
    119  30925       tick             0      21232292      21232292          1871 
    120  30925       tick             0      21096651      21096651          2187 
    121  30925       tick             0      21305173      21305173          1828 
    122  30925       tick             0      21304750      21304750          1748 
    123  30925       tick             0      21298102      21298102          1838 
    124  30925       tick             0      21312872      21312872          1771 
    125  30925       tick             0      21202362      21202362          1734 
    126  30925       tick             0      21306104      21306104          1913 
    127  30925       tick             0      21308509      21308509          1761 
    128  30925       tick             0      21224852      21224852          1801 
    129  30925       tick             0      21306781      21306781          1760 
    130  30925       tick             0      21289532      21289532          1830 
    131  30925       tick             0      21282193      21282193          1794 
    132  30925       tick             0      21317410      21317410          1767 
    133  30925       tick             0      21294281      21294281          1764 
    134  30925       tick             0      21248022      21248022          1801 
    135  30925       tick             0      21268520      21268520          1826 
    136  30925       tick             0      21311702      21311702          1752 
    137  30925       tick             0      21227164      21227164          1796 
    138  30925       tick             0      21298019      21298019          1831 
    139  30925       tick             0      21305371      21305371          1766 
    140  30925       tick             0      21106273      21106273          2249 
    141  30925       tick             0      21295240      21295240          1756 
    142  30925       tick             0      21300003      21300003          1828 
    143  30925       tick             0      21251011      21251011          1755 
    144  30925       tick             0      21271444      21271444          1780 
    145  30925       tick             0      21244741      21244741          1790 
    146  30925       tick             0      21224132      21224132          1877 
    147  30925       exit             0      11267548      11267548          3113 
