[Event-to-counter mappings]
pmc1=itlb_misses
pmc2=l1_data_accesses
pmc3=l1_data_refills
pmc4=l1_instr_refills
[Event counts]
nsample    pid      event          pmc1          pmc2          pmc3          pmc4
      1  21803       tick           438       2294082         38478         20828 
      2  21803       tick            70       1490647           801         11958 
      3  21803       tick            31       3839863           306         27731 
      4  21803       tick            27       3840316           310         28115 
      5  21803       tick            42       3830892           365         27583 
      6  21803       tick            59       7050449          3693          9202 
      7  21803       tick            34       7418343          3737          6346 
      8  21803       tick            36       7427094          3867          6773 
      9  21803       tick            34       7427660          3827          6526 
     10  21803       tick            37       7423410          3725          6364 
     11  21803       tick            35       7407572          3871          6865 
     12  21803       tick            33       7425455          3629          6502 
     13  21803       tick            47       7451477          3766          6492 
     14  21803       tick            34       7425570          3758          6477 
     15  21803       tick            38       7406003          3838          6631 
     16  21803       tick            41       7281840          4013          7260 
     17  21803       tick            39       7425455          3910          6893 
     18  21803       tick            38       7419095          3724          6495 
     19  21803       tick            49       7392647          3863          6671 
     20  21803       tick            39       7387457          3755          6632 
     21  21803       tick            40       7405034          3820          6657 
     22  21803       tick            34       7406120          3854          6696 
     23  21803       tick            35       7429712          3784          6527 
     24  21803       tick            47       7422343          3786          6561 
     25  21803       tick            46       7391427          3862          6814 
     26  21803       tick            44       7281912          4178          7394 
     27  21803       tick            41       7433346          3816          6657 
     28  21803       tick            41       7383523          3901          6573 
     29  21803       tick            33       7407829          3724          6502 
     30  21803       tick            35       7395226          3867          6796 
     31  21803       tick            46       7344987          4047          7085 
     32  21803       tick            33       7443419          3731          6470 
     33  21803       tick            38       7413934          3796          6356 
     34  21803       tick            37       7431155          3951          6791 
     35  21803       tick            44       7347871          4029          6873 
     36  21803       tick            41       7400640          3778          6569 
     37  21803       tick            38       7409616          3917          6786 
     38  21803       tick            36       7412223          3693          6506 
     39  21803       tick            37       7416718          3763          6460 
     40  21803       tick            36       7396974          3909          6702 
     41  21803       tick            34       7426439          3722          6389 
     42  21803       tick            33       7462962          3610          6383 
     43  21803       tick            35       7358960          3887          6706 
     44  21803       tick            34       7483548          3761          6435 
     45  21803       tick            37       7395492          3882          6598 
     46  21803       tick            36       7412453          3903          6638 
     47  21803       tick            35       7433462          3772          6465 
     48  21803       tick            39       7423316          3827          6606 
     49  21803       tick            30       7395117          3872          6708 
     50  21803       tick            39       7390450          3868          6443 
     51  21803       tick            42       7419419          3869          6669 
     52  21803       tick            39       7411151          3864          6754 
     53  21803       tick            42       7410472          3710          6485 
     54  21803       tick            41       7417927          3725          6570 
     55  21803       tick            40       7396306          3965          6853 
     56  21803       tick            32       7422108          3911          6461 
     57  21803       tick            39       7427774          3862          6610 
     58  21803       tick            35       7380481          3883          6645 
     59  21803       tick            37       7418982          3894          6515 
     60  21803       tick            45       7372238          3885          6867 
     61  21803       tick            33       7415880          3930          6729 
     62  21803       tick            38       7437472          3840          6584 
     63  21803       tick            44       7394523          3915          6710 
     64  21803       tick            49       7424751          3948          6643 
     65  21803       tick            39       7384078          4030          6862 
     66  21803       tick            33       7454344          3778          6418 
     67  21803       tick            41       7357752          3940          6910 
     68  21803       tick            35       7411782          3939          6726 
     69  21803       tick            38       7406171          3821          6540 
     70  21803       tick            34       7415259          3925          6648 
     71  21803       tick            39       7393605          3872          6563 
     72  21803       tick            33       7390471          3731          6750 
     73  21803       tick            38       7395674          3927          6702 
     74  21803       tick            44       7456121          3810          6340 
     75  21803       tick            32       7349592          3924          6957 
     76  21803       tick            37       7427467          3888          6471 
     77  21803       tick            33       7430016          3896          6568 
     78  21803       tick            38       7430692          3778          6464 
     79  21803       tick            36       7292653          3853          6468 
     80  21803       tick            38       7471256          4110          7134 
     81  21803       tick            37       7432143          3919          6396 
     82  21803       tick            39       7386190          3984          6723 
     83  21803       tick            42       7389301          3967          6746 
     84  21803       tick            31       7450987          3762          6412 
     85  21803       tick            40       7257169          4190          7482 
     86  21803       tick            36       7435117          4177          6838 
     87  21803       tick            38       7378233          3944          6821 
     88  21803       tick            39       7431499          3877          6572 
     89  21803       tick            44       7388127          3950          6602 
     90  21803       tick            35       7418494          3901          6642 
     91  21803       tick            41       7351875          4051          6940 
     92  21803       tick            35       7379491          3905          6767 
     93  21803       tick            41       7412905          3894          6706 
     94  21803       tick            36       7439164          3773          6507 
     95  21803       tick            40       7356641          3912          6872 
     96  21803       tick            40       7374799          3893          6726 
     97  21803       tick            47       7322527          4099          7030 
     98  21803       tick            39       7452234          3753          6452 
     99  21803       tick            33       7362484          3881          6815 
    100  21803       tick            36       7415315          3880          6547 
    101  21803       tick            42       7379927          3861          6600 
    102  21803       tick            39       7387713          3909          6500 
    103  21803       tick            36       7448080          3778          6538 
    104  21803       tick            36       7447112          3792          6618 
    105  21803       tick            34       7365307          3929          6849 
    106  21803       tick            42       7432154          3788          6528 
    107  21803       tick            41       7443616          3862          6516 
    108  21803       tick            46       7420586          3930          6491 
    109  21803       tick            39       7377270          4050          6932 
    110  21803       tick            35       7429281          3859          6427 
    111  21803       tick            39       7389549          3884          6656 
    112  21803       tick            31       7382232          3872          6840 
    113  21803       tick            44       7411758          3938          6788 
    114  21803       tick            32       7457954          3820          6347 
    115  21803       tick            41       7262652          4170          7530 
    116  21803       tick            36       7415373          3774          6591 
    117  21803       tick            39       7442035          3771          6395 
    118  21803       tick            38       7426489          3904          6407 
    119  21803       tick            43       7383667          3929          6885 
    120  21803       tick            36       7415350          3819          6617 
    121  21803       tick            31       7458413          3817          6434 
    122  21803       tick            38       7295160          3934          6395 
    123  21803       tick            44       7421282          4013          7041 
    124  21803       tick            37       7412701          3825          6644 
    125  21803       tick            45       7413180          3882          6579 
    126  21803       tick            43       7376203          4018          6958 
    127  21803       tick            33       7449105          3747          6468 
    128  21803       tick            44       7330242          4031          6727 
    129  21803       tick            39       7386099          4004          6702 
    130  21803       tick            37       7441759          3969          6634 
    131  21803       tick            35       7425162          3998          6561 
    132  21803       tick            46       7377211          3968          6931 
    133  21803       tick            33       7401170          3898          6541 
    134  21803       tick            38       7395630          3950          6610 
    135  21803       tick            31       7322973          4165          7255 
    136  21803       tick            35       7445917          3851          6554 
    137  21803       tick            41       7410554          3905          6450 
    138  21803       tick            35       7395990          3918          6494 
    139  21803       tick            39       7378365          3969          6846 
    140  21803       tick            32       7403554          3914          6669 
    141  21803       tick            31       7421631          3841          6484 
    142  21803       tick            40       7414949          4010          6654 
    143  21803       tick            37       7405776          3855          6596 
    144  21803       tick            39       7424676          3896          6439 
    145  21803       tick            40       7303954          4001          7101 
    146  21803       tick            40       7429989          3904          6688 
    147  21803       tick            35       7424561          3947          6526 
    148  21803       tick            38       7422636          3877          6509 
    149  21803       tick            41       7399264          3929          6709 
    150  21803       tick            36       7397199          3968          6629 
    151  21803       tick            38       7422643          3827          6379 
    152  21803       tick            38       7375498          3931          6959 
    153  21803       tick            41       7400181          3862          6528 
    154  21803       tick            38       7396375          3770          6557 
    155  21803       tick            42       7368804          4003          6955 
    156  21803       tick            32       7432057          3824          6616 
    157  21803       tick            40       7423359          3752          6583 
    158  21803       tick            45       7430236          3832          6687 
    159  21803       tick            50       7379100          3972          6657 
    160  21803       tick            37       7397467          3854          6517 
    161  21803       tick            38       7398076          3847          6571 
    162  21803       tick            33       7359384          3975          6636 
    163  21803       tick            34       7420331          3924          6695 
    164  21803       tick            38       7437709          3805          6569 
    165  21803       tick            35       7410616          3939          6759 
    166  21803       tick            31       7440592          3811          6489 
    167  21803       tick            32       7429999          3910          6668 
    168  21803       tick            36       7441545          3746          6528 
    169  21803       tick            43       7374151          4047          6708 
    170  21803       tick            36       7380262          3953          6887 
    171  21803       tick            40       7400665          3915          6417 
    172  21803       tick            40       7354586          3807          6921 
    173  21803       tick            38       7436838          3899          6643 
    174  21803       tick            41       7424121          3957          6748 
    175  21803       tick            43       7400723          3930          6701 
    176  21803       tick            42       7440778          4025          6642 
    177  21803       tick            36       7460693          3755          6412 
    178  21803       tick            44       7455825          3881          6454 
    179  21803       tick            36       7406848          3978          6695 
    180  21803       tick            37       7100880          3721          6202 
    181  21803       tick            36       7631091          4050          6957 
    182  21803       tick            48       7473165          4033          6839 
    183  21803       tick            36       7391014          3967          6661 
    184  21803       tick            34       7415097          3837          6525 
    185  21803       tick            34       7400602          3974          6846 
    186  21803       tick            39       7445758          3842          6398 
    187  21803       tick            31       7439344          3838          6484 
    188  21803       tick            40       7432432          3910          6520 
    189  21803       tick            34       7405980          3915          6602 
    190  21803       tick            38       7423606          3960          6723 
    191  21803       tick            33       7414916          3736          6430 
    192  21803       tick            36       7366270          3868          6790 
    193  21803       tick            37       7386777          3866          6603 
    194  21803       tick            35       7415944          3923          6768 
    195  21803       tick            38       7381693          3988          6804 
    196  21803       tick            37       7449311          3883          6438 
    197  21803       tick            45       7398658          3889          6639 
    198  21803       tick            32       7472579          3753          6491 
    199  21803       tick            41       7399539          3903          6714 
    200  21803       tick            32       7429735          3746          6497 
    201  21803       tick            32       7410201          3919          6486 
    202  21803       tick            43       7417521          3866          6759 
    203  21803       tick            31       7389927          3918          6735 
    204  21803       tick            42       7398904          3875          6628 
    205  21803       tick            37       7334600          4049          7058 
    206  21803       tick            34       7422721          3803          6688 
    207  21803       tick            34       7399308          3856          6685 
    208  21803       tick            34       7448466          3690          6415 
    209  21803       tick            47       7438641          3849          6700 
    210  21803       tick            40       6978708          4018          9119 
    211  21803       tick            33       7413965          3846          6564 
    212  21803       tick            40       7371208          3942          6945 
    213  21803       tick            36       7380698          3897          6658 
    214  21803       tick            37       7387996          3884          6552 
    215  21803       tick            39       7365003          3928          6879 
    216  21803       tick            34       7445173          3921          6671 
    217  21803       tick            40       7423845          3798          6500 
    218  21803       tick            36       7431479          3797          6484 
    219  21803       tick            36       7424712          3851          6535 
    220  21803       tick            43       7402796          3831          6417 
    221  21803       tick            39       7418859          3944          6762 
    222  21803       tick            33       7419290          3795          6508 
    223  21803       tick            39       7374650          3985          6910 
    224  21803       tick            30       7406671          3957          6572 
    225  21803       tick            38       7407326          3906          6761 
    226  21803       tick            39       7444894          3809          6454 
    227  21803       tick            39       7434175          3914          6711 
    228  21803       tick            33       7457049          3840          6427 
    229  21803       tick            33       7406546          3891          6632 
    230  21803       tick            51       7303492          4063          7229 
    231  21803       tick            37       7401115          3956          6732 
    232  21803       tick            32       7389406          3897          6931 
    233  21803       tick            42       7414190          3850          6580 
    234  21803       tick            37       7378072          4007          6905 
    235  21803       tick            38       7277931          4068          7382 
    236  21803       tick            37       7457680          3768          6363 
    237  21803       tick            38       7450315          3888          6542 
    238  21803       tick            32       7427695          3873          6450 
    239  21803       tick            39       7407952          3943          6551 
    240  21803       tick            42       7394714          3898          6578 
    241  21803       tick            37       7449400          3854          6668 
    242  21803       tick            35       7393285          3900          6565 
    243  21803       tick            29       7419608          3851          6665 
    244  21803       tick            35       7385211          3798          6572 
    245  21803       tick            36       7428802          3865          6578 
    246  21803       tick            42       7427281          3976          6686 
    247  21803       tick            32       7446268          3752          6409 
    248  21803       tick            30       7395716          3862          6484 
    249  21803       tick            38       7448087          3916          6662 
    250  21803       tick            35       7441026          3784          6433 
    251  21803       tick            28       7421952          3892          6751 
    252  21803       tick            36       7350985          3921          6820 
    253  21803       tick            36       7389050          3884          6666 
    254  21803       tick            43       7368476          4025          6803 
    255  21803       tick            37       7327141          3927          6933 
    256  21803       tick            41       7423355          3871          6557 
    257  21803       tick            33       7431100          3791          6402 
    258  21803       tick            36       7434346          3828          6570 
    259  21803       tick            39       7357961          3943          6895 
    260  21803       tick            34       7448110          3732          6433 
    261  21803       tick            35       7441877          3822          6617 
    262  21803       tick            30       7376656          3858          6461 
    263  21803       tick            31       7392983          3887          6737 
    264  21803       tick            31       7330270          3991          7071 
    265  21803       tick            41       7400830          3974          6634 
    266  21803       tick            35       7436881          3901          6814 
    267  21803       tick            37       7415159          3811          6488 
    268  21803       tick            40       7441703          3958          6696 
    269  21803       tick            42       7432848          3793          6514 
    270  21803       tick            33       7420922          3895          6523 
    271  21803       tick            40       7417934          3828          6618 
    272  21803       tick            35       7389333          3873          6723 
    273  21803       tick            39       7375182          3905          6736 
    274  21803       tick            35       7341712          3985          7001 
    275  21803       tick            33       7410554          4009          6702 
    276  21803       tick            33       7457173          3854          6429 
    277  21803       tick            45       7407675          4070          6763 
    278  21803       tick            40       7453481          3787          6460 
    279  21803       tick            43       7443033          3811          6359 
    280  21803       tick            37       7414459          4019          6758 
    281  21803       tick            29       7440433          3774          6469 
    282  21803       tick            40       7394081          3954          6566 
    283  21803       tick            41       7395825          3988          6752 
    284  21803       tick            36       7408791          3932          6641 
    285  21803       tick            42       7425425          3931          6572 
    286  21803       tick            41       7389553          3948          6797 
    287  21803       tick            35       7404198          3837          6412 
    288  21803       tick            37       7441672          3862          6735 
    289  21803       tick            45       7465840          3704          6440 
    290  21803       tick            40       7407837          3848          6508 
    291  21803       tick            38       7437110          3920          6649 
    292  21803       tick            34       7398522          3934          6735 
    293  21803       tick            43       7383405          3963          6639 
    294  21803       tick            52       7365005          3981          6843 
    295  21803       tick            38       7392154          3951          6737 
    296  21803       tick            37       7406238          3873          6520 
    297  21803       tick            44       7187472          3557          6341 
    298  21803       tick            44       7655010          3994          6738 
    299  21803       tick            32       7412809          3792          6490 
    300  21803       tick            37       7436243          3993          6843 
    301  21803       tick            38       7443476          3839          6481 
    302  21803       tick            34       7407534          3836          6595 
    303  21803       tick            44       7379574          4003          6992 
    304  21803       tick            45       7375880          3826          6818 
    305  21803       tick            39       7427451          3771          6519 
    306  21803       tick            37       7393954          3979          6697 
    307  21803       tick            38       7451170          3735          6470 
    308  21803       tick            31       7416162          3793          6526 
    309  21803       tick            36       7419112          3851          6697 
    310  21803       tick            42       7451119          3798          6365 
    311  21803       tick            40       7434159          3896          6517 
    312  21803       tick            45       7288580          3972          7320 
    313  21803       tick            32       7403734          3838          6644 
    314  21803       tick            37       7354779          4016          6990 
    315  21803       tick            38       7420215          3849          6502 
    316  21803       tick            42       7363548          4039          6854 
    317  21803       tick            30       7447899          3850          6427 
    318  21803       tick            39       7391816          3927          6481 
    319  21803       tick            36       7392909          3946          6828 
    320  21803       tick            37       7446370          3686          6411 
    321  21803       tick            42       7441560          3894          6498 
    322  21803       tick            47       7425417          3845          6550 
    323  21803       tick            37       7430334          3862          6487 
    324  21803       tick            41       7290734          4150          7221 
    325  21803       tick            37       7406591          4047          6779 
    326  21803       tick            41       7387856          4054          6594 
    327  21803       tick            33       7444475          3860          6395 
    328  21803       tick            39       7397136          3942          6738 
    329  21803       tick            32       7451840          3847          6458 
    330  21803       tick            31       7460044          3769          6411 
    331  21803       tick            33       7431037          3834          6722 
    332  21803       tick            37       7396958          3853          6653 
    333  21803       tick            38       7346045          3874          6722 
    334  21803       tick            48       7356996          4022          6981 
    335  21803       tick            37       7431384          3958          6656 
    336  21803       tick            41       7393371          3802          6646 
    337  21803       tick            37       7416917          3812          6558 
    338  21803       tick            41       7366519          3927          6733 
    339  21803       tick            38       7435488          3789          6500 
    340  21803       tick            34       7445057          3854          6648 
    341  21803       tick            31       7445292          3770          6384 
    342  21803       tick            37       7438387          3789          6455 
    343  21803       tick            42       7413243          3993          6822 
    344  21803       tick            41       7268886          3858          6438 
    345  21803       tick            35       7554377          3807          6593 
    346  21803       tick            36       7420880          3923          6668 
    347  21803       tick            33       7411099          3979          6559 
    348  21803       tick            35       7175455          3779          6426 
    349  21803       tick            43       7641514          4116          7072 
    350  21803       tick            35       7423479          3722          6224 
    351  21803       tick            34       7462095          3989          6694 
    352  21803       tick            34       7404032          3852          6664 
    353  21803       tick            41       7397440          3748          6574 
    354  21803       tick            51       7257915          4257          7497 
    355  21803       tick            36       7406752          3921          6599 
    356  21803       tick            33       7407982          3924          6791 
    357  21803       tick            35       7428684          3813          6586 
    358  21803       exit           126       6548430          5786          6742 
