[Event-to-counter mappings]
pmc1=llc_misses
pmc2=mispred_branches
pmc3=potentially_predicted_branches
[Event counts]
nsample    pid      event          pmc1          pmc2          pmc3
      1  20452       tick          7771        152301       1932822 
      2  20452       tick         12806        286269       3650562 
      3  20452       tick         10464        290408       3689000 
      4  20452       tick         11084        286993       3653690 
      5  20452       tick         10124        290678       3690482 
      6  20452       tick         10236        290028       3658735 
      7  20452       tick         11259        292339       3585531 
      8  20452       tick         10925        290030       3686167 
      9  20452       tick         11900        284578       3637662 
     10  20452       tick         10432        290159       3678784 
     11  20452       tick         10012        289698       3691735 
     12  20452       tick         11542        288531       3612994 
     13  20452       tick          9515        293787       3664305 
     14  20452       tick         11208        291352       3656477 
     15  20452       tick         10129        288389       3664658 
     16  20452       tick         10713        288105       3660461 
     17  20452       tick         11885        283895       3627757 
     18  20452       tick          9618        282982       3512967 
     19  20452       tick         12987        298959       3761777 
     20  20452       tick         10590        290690       3654447 
     21  20452       tick         10203        289222       3688652 
     22  20452       tick         12298        285237       3639423 
     23  20452       tick         11267        289684       3676860 
     24  20452       tick         11501        287534       3665273 
     25  20452       tick         10307        291870       3608932 
     26  20452       tick         10570        294379       3665153 
     27  20452       tick          9684        289253       3684219 
     28  20452       tick         10816        287595       3659161 
     29  20452       tick         12928        285619       3639566 
     30  20452       tick         10481        286453       3648897 
     31  20452       tick          9576        290625       3644910 
     32  20452       tick         11576        286888       3530995 
     33  20452       tick         12073        286635       3642561 
     34  20452       tick         11413        288043       3670686 
     35  20452       tick         10101        289679       3684037 
     36  20452       tick         10772        287930       3580475 
     37  20452       tick         10238        296465       3666828 
     38  20452       tick         11855        284317       3625220 
     39  20452       tick         12345        288049       3655594 
     40  20452       tick         10965        289293       3680686 
     41  20452       tick         10349        288014       3662115 
     42  20452       tick         10659        290559       3636005 
     43  20452       tick         11100        294790       3627534 
     44  20452       tick         10956        288590       3672336 
     45  20452       tick         11654        287686       3666591 
     46  20452       tick         10739        287535       3658318 
     47  20452       tick          9648        290524       3692162 
     48  20452       tick         10627        289026       3628060 
     49  20452       tick         12825        289158       3575889 
     50  20452       tick         10667        289687       3679080 
     51  20452       tick         11067        285791       3656398 
     52  20452       tick         11219        287982       3677778 
     53  20452       tick         10260        289563       3680996 
     54  20452       tick          9694        289218       3615055 
     55  20452       tick         11697        295237       3642608 
     56  20452       tick         10410        287612       3661885 
     57  20452       tick         11574        284595       3621980 
     58  20452       tick         11501        287833       3681941 
     59  20452       tick         10777        286089       3620160 
     60  20452       tick         10464        289531       3645884 
     61  20452       tick          9864        295847       3668614 
     62  20452       tick         11348        287191       3647307 
     63  20452       tick         10649        288866       3671444 
     64  20452       tick         10994        288801       3669299 
     65  20452       tick         11381        286102       3645408 
     66  20452       tick         10119        291279       3642022 
     67  20452       tick         10936        292354       3633657 
     68  20452       tick          9457        290552       3679849 
     69  20452       tick         11604        287384       3662463 
     70  20452       tick         10665        286835       3659810 
     71  20452       tick         10012        290241       3688849 
     72  20452       tick          9393        288146       3604238 
     73  20452       tick         10012        288383       3682657 
     74  20452       tick         10674        296923       3653177 
     75  20452       tick         11058        286403       3645733 
     76  20452       tick         11472        287799       3667814 
     77  20452       tick         11401        286720       3649349 
     78  20452       tick         10270        287689       3608206 
     79  20452       tick         12035        289860       3647566 
     80  20452       tick         10388        293007       3638847 
     81  20452       tick         10292        290086       3688198 
     82  20452       tick         11188        287957       3669081 
     83  20452       tick         10516        287604       3661920 
     84  20452       tick          9926        291259       3650336 
     85  20452       tick          9627        289398       3671134 
     86  20452       tick         10218        292816       3632557 
     87  20452       tick         10484        289169       3683589 
     88  20452       tick         11145        286241       3650690 
     89  20452       tick         12642        284357       3635562 
     90  20452       tick         10850        290041       3646466 
     91  20452       tick         10446        287169       3637757 
     92  20452       tick         10982        295623       3655384 
     93  20452       tick         10808        287076       3652650 
     94  20452       tick         10753        288177       3674348 
     95  20452       tick         10690        288270       3679060 
     96  20452       tick          9364        287416       3657831 
     97  20452       tick         11176        286900       3586838 
     98  20452       tick          9235        295115       3684638 
     99  20452       tick         12450        286174       3601012 
    100  20452       tick         11671        287416       3665649 
    101  20452       tick         10149        288002       3663208 
    102  20452       tick         10243        290343       3656964 
    103  20452       tick         10123        288648       3664967 
    104  20452       tick         10663        291015       3634636 
    105  20452       tick         10594        291051       3665967 
    106  20452       tick         10328        288685       3679517 
    107  20452       tick         11867        284578       3639436 
    108  20452       tick          9599        290640       3694726 
    109  20452       tick         11597        287452       3592841 
    110  20452       tick         11487        290772       3663251 
    111  20452       tick          9945        295078       3669832 
    112  20452       tick         11537        286105       3644607 
    113  20452       tick         10620        288972       3680750 
    114  20452       tick         10269        287171       3657756 
    115  20452       tick          9928        286127       3603509 
    116  20452       tick         10803        289022       3667854 
    117  20452       tick          9515        293100       3634311 
    118  20452       tick         10518        289116       3683379 
    119  20452       tick         12326        283638       3621779 
    120  20452       tick         10830        288444       3624296 
    121  20452       tick          9653        288475       3669371 
    122  20452       tick         10228        289501       3648872 
    123  20452       tick         10267        296502       3666607 
    124  20452       tick         10779        288074       3672276 
    125  20452       tick         11289        285432       3630423 
    126  20452       tick         10169        289978       3687846 
    127  20452       tick          9299        291066       3638257 
    128  20452       tick         10892        288447       3654294 
    129  20452       tick         10422        284672       3532635 
    130  20452       tick         10885        297004       3758978 
    131  20452       tick         11003        287888       3672980 
    132  20452       tick          9632        289145       3681571 
    133  20452       tick         11553        287859       3604409 
    134  20452       tick         10134        288986       3682966 
    135  20452       tick         10458        293574       3650157 
    136  20452       tick         10579        289964       3654125 
    137  20452       tick         10777        286881       3658711 
    138  20452       tick         10844        285560       3632201 
    139  20452       tick         11161        288410       3620882 
    140  20452       tick         10527        289178       3679895 
    141  20452       tick         11114        293239       3626627 
    142  20452       tick          9532        289812       3688908 
    143  20452       tick          9302        287619       3663671 
    144  20452       tick         10255        289035       3680102 
    145  20452       tick         10803        290641       3651282 
    146  20452       tick         10054        286515       3641515 
    147  20452       tick         10900        288412       3668740 
    148  20452       tick         11291        295443       3648724 
    149  20452       tick         10477        287733       3654194 
    150  20452       tick         11272        287273       3668043 
    151  20452       tick         10742        288389       3611387 
    152  20452       tick          9086        289022       3682654 
    153  20452       tick         10013        289197       3680439 
    154  20452       tick         10588        295286       3635570 
    155  20452       tick         11745        287893       3663936 
    156  20452       tick          9091        290107       3688988 
    157  20452       tick          9534        284244       3630500 
    158  20452       tick          9718        289453       3629060 
    159  20452       tick         10919        287321       3642592 
    160  20452       tick         10815        295186       3638886 
    161  20452       tick         10610        288937       3673805 
    162  20452       tick         11844        285602       3638837 
    163  20452       tick          9738        289000       3687921 
    164  20452       tick         10737        286644       3586087 
    165  20452       tick         10617        288038       3665814 
    166  20452       tick         10783        296646       3654881 
    167  20452       tick         12692        283511       3613967 
    168  20452       tick         11034        276698       3495110 
    169  20452       tick         11919        299002       3761052 
    170  20452       tick         10908        286239       3648997 
    171  20452       tick         10279        291890       3677928 
    172  20452       tick         11954        289720       3617244 
    173  20452       exit          6391        132824       1736018 
