[Event-to-counter mappings]
pmc0=cycles_allmodes
pmc1=bus_accesses
pmc2=cycles
pmc3=data_cache_eviction
[Event counts]
nsample    pid      event          pmc0          pmc1          pmc2          pmc3
      1   1049       tick      29961019          1700      27781281           540 
      2   1049       tick      30382875             0      29850879             9 
      3   1049       tick      30010293             0      29500902            19 
      4   1049       tick      30009520             0      29500719            62 
      5   1049       tick      30010479             0      29484681            36 
      6   1049       tick      29988020             0      29477833            11 
      7   1049       tick      29209441             0      28704126            28 
      8   1049       tick      30687197             0      30063204            89 
      9   1049       tick      29996177             0      29469148            12 
     10   1049       tick      29995208             0      29465019             1 
     11   1049       tick      30010449             0      29506828            21 
     12   1049       tick      30010348             0      29499583             8 
     13   1049       tick      30010078             0      29493643             0 
     14   1049       tick      29922610             0      29418186             5 
     15   1049       tick      30077969             0      29533286            47 
     16   1049       tick      29981512             0      29440609             3 
     17   1049       tick      30009840             0      29503313             1 
     18   1049       tick      29996686             0      29467278             2 
     19   1049       tick      29995937             0      29481385            20 
     20   1049       tick      30010374             0      29500783             8 
     21   1049       tick      30010792             0      29489653            29 
     22   1049       tick      30011153             0      29488190            29 
     23   1049       tick      30009917             0      29497047             6 
     24   1049       tick      29995991             0      29471971            10 
     25   1049       tick      29979572             0      29422061            42 
     26   1049       tick      30010089             0      29491623             1 
     27   1049       tick      29996117             0      29477969            22 
     28   1049       tick      29905704             0      29292418            90 
     29   1049       tick      30009694             0      29503893             0 
     30   1049       tick      30010057             0      29504442             1 
     31   1049       tick      30010579             0      29506978             1 
     32   1049       tick      29955477             0      29481726             1 
     33   1049       tick      30072301             0      29533378            19 
     34   1049       tick      29985033             0      29455394            32 
     35   1049       tick      30013686             0      29474089            41 
     36   1049       tick      30000586             0      29477838             2 
     37   1049       tick      29999842             0      29481546            21 
     38   1049       tick      30014275             0      29511456            14 
     39   1049       tick      30014977             0      29505155             7 
     40   1049       tick      30014889             0      29497392            23 
     41   1049       tick      30015144             0      29504526            23 
     42   1049       tick      29279091             0      28788116            20 
     43   1049       tick      30717599             0      30177995             4 
     44   1049       tick      30015058             0      29491067            50 
     45   1049       tick      30001122             0      29468975            23 
     46   1049       tick      29994167             0      29479044             3 
     47   1049       tick      30010036             0      29509486             2 
     48   1049       tick      29918535             0      29320679           109 
     49   1049       tick      29955782             0      29456794            21 
     50   1049       tick      30063606             0      29530295             1 
     51   1049       tick      29994203             0      29471402            36 
     52   1049       tick      29993853             0      29472252             2 
     53   1049       tick      30009856             0      29498185             1 
     54   1049       tick      29981763             0      29437715            11 
     55   1049       tick      30010278             0      29492383            23 
     56   1049       tick      30009966             0      29492980             1 
     57   1049       tick      29989944             0      29465505             4 
     58   1049       tick      29997702             0      29478611             2 
     59   1049       tick      30010713             0      29499562            21 
     60   1049       tick      29996257             0      29471516             1 
     61   1049       tick      29994521             0      29467476            23 
     62   1049       tick      30009529             0      29489659             3 
     63   1049       tick      29981762             0      29450043            18 
     64   1049       tick      30011192             0      29492307            10 
     65   1049       tick      30011014             0      29490558            13 
     66   1049       tick      30009734             0      29501645             1 
     67   1049       tick      29973946             0      29486098             5 
     68   1049       tick      29955580             0      29350259            90 
     69   1049       tick      29995397             0      29451941            23 
     70   1049       tick      29994844             0      29474096             3 
     71   1049       tick      30010283             0      29505929             1 
     72   1049       tick      29982104             0      29436994             3 
     73   1049       tick      30010314             0      29501926             1 
     74   1049       tick      29993050             0      29461270            15 
     75   1049       tick      30010680             0      29496588            16 
     76   1049       tick      30010387             0      29500892             1 
     77   1049       tick      30010206             0      29494929             1 
     78   1049       tick      29995352             0      29475470             2 
     79   1049       tick      29996083             0      29472410             4 
     80   1049       tick      30010338             0      29503850             2 
     81   1049       tick      29981691             0      29441475            24 
     82   1049       tick      30009950             0      29492929             0 
     83   1049       tick      30009821             0      29506888             2 
     84   1049       tick      30010316             0      29483162            59 
     85   1049       tick      30021690             0      29494143            19 
     86   1049       tick      30017968             0      29501032             2 
     87   1049       tick      29994891             0      29474377             3 
     88   1049       tick      29907001             0      29333241            73 
     89   1049       tick      29995198             0      29443246            19 
     90   1049       tick      29995080             0      29467291             2 
     91   1049       tick      30010689             0      29506151            30 
     92   1049       tick      30010336             0      29496255             1 
     93   1049       tick      30010155             0      29500741             1 
     94   1049       tick      30010121             0      29497912            18 
     95   1049       tick      30010416             0      29495644            10 
     96   1049       tick      29995387             0      29473632             2 
     97   1049       tick      29994577             0      29466489             2 
     98   1049       tick      29995619             0      29472554             4 
     99   1049       tick      29995659             0      29477479            24 
    100   1049       tick      30010298             0      29493902             9 
    101   1049       tick      30010063             0      29497278            14 
    102   1049       tick      30009434             4      29495921            38 
    103   1049       tick      30026882             0      29507330             2 
    104   1049       tick      29997836             0      29459572            29 
    105   1049       tick      29995339             0      29461249             6 
    106   1049       tick      29994757             0      29473726             2 
    107   1049       tick      29995837             0      29481345            11 
    108   1049       tick      29994623             0      29464997             2 
    109   1049       tick      29920853             0      29330738            90 
    110   1049       tick      30010233             0      29491495             2 
    111   1049       tick      30010178             0      29509746             2 
    112   1049       tick      30010347             0      29496590            23 
    113   1049       tick      30009744             0      29494192             1 
    114   1049       tick      29978339             0      29440432            26 
    115   1049       tick      29994485             0      29471406             4 
    116   1049       tick      29995916             0      29475031             2 
    117   1049       tick      29994411             0      29471165            11 
    118   1049       tick      30009888             0      29494141             2 
    119   1049       tick      30009584             0      29506575             2 
    120   1049       tick      30010320             0      29494826             1 
    121   1049       tick      30009910             0      29502616             1 
    122   1049       tick      29959104             0      29471304            24 
    123   1049       tick      30046126             0      29493051            16 
    124   1049       tick      29995622             0      29449680            62 
    125   1049       tick      29995565             0      29464304             7 
    126   1049       tick      29994869             0      29472508            12 
    127   1049       tick      30010097             0      29509365             3 
    128   1049       tick      30010497             0      29494820             2 
    129   1049       tick      29920029             0      29327420            87 
    130   1049       tick      30010286             0      29502807             2 
    131   1049       tick      30010523             0      29501406             2 
    132   1049       tick      29988326             0      29394458            38 
    133   1049       tick      29995321             0      29460631             1 
    134   1049       tick      29996384             0      29461846            43 
    135   1049       exit      12959891           140      12483777            61 
