[Event-to-counter mappings]
pmc1=inmediate_branches_retired
pmc2=instr
pmc3=instr_arch_executed
pmc4=instr_cache_access
[Event counts]
nsample    pid      event          pmc1          pmc2          pmc3          pmc4
      1  30767       tick             0      19640972      19640972         57864 
      2  30767       tick             0      22205411      22205411          1742 
      3  30767       tick             0      21661429      21661429          1660 
      4  30767       tick             0      21667923      21667923          1668 
      5  30767       tick             0      21671438      21671438          1622 
      6  30767       tick             0      21575559      21575559          1719 
      7  30767       tick             0      21614473      21614473          1779 
      8  30767       tick             0      21620358      21620358          1714 
      9  30767       tick             0      21631060      21631060          1636 
     10  30767       tick             0      21647992      21647992          1697 
     11  30767       tick             0      21642537      21642537          1709 
     12  30767       tick             0      21676820      21676820          1725 
     13  30767       tick             0      21635771      21635771          1654 
     14  30767       tick             0      21452622      21452622          2145 
     15  30767       tick             0      21644010      21644010          1693 
     16  30767       tick             0      21627047      21627047          1674 
     17  30767       tick             0      21656733      21656733          1631 
     18  30767       tick             0      21640638      21640638          1697 
     19  30767       tick             0      21682900      21682900          1696 
     20  30767       tick             0      21668310      21668310          1673 
     21  30767       tick             0      21670570      21670570          1637 
     22  30767       tick             0      21666590      21666590          1680 
     23  30767       tick             0      21657750      21657750          1670 
     24  30767       tick             0      21609469      21609469          1666 
     25  30767       tick             0      21649513      21649513          1653 
     26  30767       tick             0      21628140      21628140          1703 
     27  30767       tick             0      21632010      21632010          1668 
     28  30767       tick             0      21667837      21667837          1701 
     29  30767       tick             0      21683030      21683030          1664 
     30  30767       tick             0      21626931      21626931          1626 
     31  30767       tick             0      21676252      21676252          1791 
     32  30767       tick             0      21668318      21668318          1686 
     33  30767       tick             0      21631479      21631479          1639 
     34  30767       tick             0      21407251      21407251          2168 
     35  30767       tick             0      21656289      21656289          1690 
     36  30767       tick             0      21620491      21620491          1706 
     37  30767       tick             0      21682100      21682100          1630 
     38  30767       tick             0      21650609      21650609          1714 
     39  30767       tick             0      21637843      21637843          1684 
     40  30767       tick             0      21668610      21668610          1684 
     41  30767       tick             0      21638160      21638160          1623 
     42  30767       tick             0      21593438      21593438          1613 
     43  30767       tick             0      21665219      21665219          1697 
     44  30767       tick             0      21614780      21614780          1687 
     45  30767       tick             0      21611630      21611630          1630 
     46  30767       tick             0      21635941      21635941          1691 
     47  30767       tick             0      21679569      21679569          1681 
     48  30767       tick             0      21672620      21672620          1728 
     49  30767       tick             0      21650233      21650233          1623 
     50  30767       tick             0      21667327      21667327          1673 
     51  30767       tick             0      21576523      21576523          1692 
     52  30767       tick             0      21594177      21594177          1690 
     53  30767       tick             0      21623791      21623791          1649 
     54  30767       tick             0      21396959      21396959          2051 
     55  30767       tick             0      21657820      21657820          1721 
     56  30767       tick             0      21659061      21659061          1682 
     57  30767       tick             0      21687599      21687599          1612 
     58  30767       tick             0      21685581      21685581          1693 
     59  30767       tick             0      21649120      21649120          1687 
     60  30767       tick             0      21612060      21612060          1683 
     61  30767       tick             0      21691782      21691782          1629 
     62  30767       tick             0      21651817      21651817          1723 
     63  30767       tick             0      21599351      21599351          1699 
     64  30767       tick             0      21660490      21660490          1681 
     65  30767       tick             0      21671220      21671220          1638 
     66  30767       tick             0      21663599      21663599          1624 
     67  30767       tick             0      21662291      21662291          1750 
     68  30767       tick             0      21658160      21658160          1703 
     69  30767       tick             0      21580190      21580190          1612 
     70  30767       tick             0      21687160      21687160          1682 
     71  30767       tick             0      21641652      21641652          1688 
     72  30767       tick             0      21623508      21623508          1708 
     73  30767       tick             0      21660512      21660512          1619 
     74  30767       tick             0      21463320      21463320          2112 
     75  30767       tick             0      21659317      21659317          1700 
     76  30767       tick             0      21675620      21675620          1679 
     77  30767       tick             0      20894781      20894781          1561 
     78  30767       tick             0      22376760      22376760          1786 
     79  30767       tick             0      21586819      21586819          1647 
     80  30767       tick             0      21548843      21548843          1681 
     81  30767       tick             0      21761880      21761880          1713 
     82  30767       tick             0      21677740      21677740          1690 
     83  30767       tick             0      21651230      21651230          1624 
     84  30767       tick             0      21654638      21654638          1623 
     85  30767       tick             0      21650930      21650930          1648 
     86  30767       tick             0      21661040      21661040          1614 
     87  30767       tick             0      21628629      21628629          1623 
     88  30767       tick             0      21690011      21690011          1614 
     89  30767       tick             0      21606272      21606272          1626 
     90  30767       tick             0      21652708      21652708          1697 
     91  30767       tick             0      21584630      21584630          1612 
     92  30767       tick             0      21699792      21699792          1748 
     93  30767       tick             0      21662308      21662308          1637 
     94  30767       tick             0      21458752      21458752          2114 
     95  30767       tick             0      21617617      21617617          1709 
     96  30767       tick             0      21612101      21612101          1708 
     97  30767       tick             0      21674042      21674042          1645 
     98  30767       tick             0      21586787      21586787          1724 
     99  30767       tick             0      21640811      21640811          1699 
    100  30767       tick             0      21653739      21653739          1679 
    101  30767       tick             0      21654810      21654810          1648 
    102  30767       tick             0      21664181      21664181          1709 
    103  30767       tick             0      21607092      21607092          1632 
    104  30767       tick             0      21674157      21674157          1742 
    105  30767       tick             0      21613513      21613513          1646 
    106  30767       tick             0      21607628      21607628          1714 
    107  30767       tick             0      21606020      21606020          1672 
    108  30767       tick             0      21663402      21663402          1719 
    109  30767       tick             0      21669298      21669298          1613 
    110  30767       tick             0      21674670      21674670          1679 
    111  30767       tick             0      21662780      21662780          1697 
    112  30767       tick             0      21650079      21650079          1708 
    113  30767       tick             0      21625803      21625803          1645 
    114  30767       tick             0      21405218      21405218          2123 
    115  30767       tick             0      21588339      21588339          1661 
    116  30767       tick             0      21644101      21644101          1779 
    117  30767       tick             0      21685280      21685280          1614 
    118  30767       tick             0      21657900      21657900          1687 
    119  30767       tick             0      21654669      21654669          1679 
    120  30767       tick             0      21670381      21670381          1691 
    121  30767       tick             0      21672109      21672109          1614 
    122  30767       tick             0      21637720      21637720          1678 
    123  30767       tick             0      21633791      21633791          1729 
    124  30767       tick             0      21622602      21622602          1687 
    125  30767       tick             0      21594458      21594458          1690 
    126  30767       tick             0      21679820      21679820          1726 
    127  30767       tick             0      21676000      21676000          1638 
    128  30767       tick             0      21649832      21649832          1683 
    129  30767       tick             0      21651698      21651698          1627 
    130  30767       tick             0      21649579      21649579          1674 
    131  30767       tick             0      21605983      21605983          1692 
    132  30767       tick             0      21631520      21631520          1721 
    133  30767       tick             0      21612698      21612698          1639 
    134  30767       tick             0      21431530      21431530          2099 
    135  30767       tick             0      21650400      21650400          1679 
    136  30767       tick             0      21677819      21677819          1699 
    137  30767       tick             0      21678573      21678573          1628 
    138  30767       tick             0      21680478      21680478          1685 
    139  30767       tick             0      21662799      21662799          1728 
    140  30767       tick             0      21590643      21590643          1636 
    141  30767       tick             0      21669940      21669940          1686 
    142  30767       tick             0      21637470      21637470          1682 
    143  30767       tick             0      21616428      21616428          1711 
    144  30767       tick             0      21645220      21645220          1679 
    145  30767       tick             0      21634290      21634290          1626 
    146  30767       tick             0      21658789      21658789          1687 
    147  30767       tick             0      21671343      21671343          1713 
    148  30767       tick             0      21645117      21645117          1718 
    149  30767       tick             0      21629873      21629873          1644 
    150  30767       tick             0      21634038      21634038          1688 
    151  30767       tick             0      21611720      21611720          1683 
    152  30767       tick             0      21594470      21594470          1623 
    153  30767       tick             0      21696782      21696782          1675 
    154  30767       tick             0      21443107      21443107          2096 
    155  30767       tick             0      21643151      21643151          1745 
    156  30767       tick             0      21650432      21650432          1686 
    157  30767       tick             0      21666807      21666807          1621 
    158  30767       tick             0      21604460      21604460          1688 
    159  30767       tick             0      21632961      21632961          1675 
    160  30767       tick             0      21634720      21634720          1692 
    161  30767       tick             0      21618389      21618389          1631 
    162  30767       tick             0      21653990      21653990          1698 
    163  30767       tick             0      21626911      21626911          1680 
    164  30767       tick             0      21621969      21621969          1634 
    165  30767       tick             0      21695423      21695423          1691 
    166  30767       tick             0      21642937      21642937          1702 
    167  30767       tick             0      21632190      21632190          1692 
    168  30767       tick             0      21596963      21596963          1694 
    169  30767       tick             0      21622858      21622858          1637 
    170  30767       tick             0      21646360      21646360          1695 
    171  30767       tick             0      21665950      21665950          1725 
    172  30767       tick             0      21640089      21640089          1742 
    173  30767       tick             0      21629581      21629581          1636 
    174  30767       tick             0      21477720      21477720          2021 
    175  30767       tick             0      21626980      21626980          1825 
    176  30767       tick             0      20735860      20735860          1546 
    177  30767       tick             0      22431262      22431262          1709 
    178  30767       tick             0      21712308      21712308          1757 
    179  30767       tick             0      21636379      21636379          1666 
    180  30767       tick             0      21651051      21651051          1688 
    181  30767       tick             0      21658209      21658209          1650 
    182  30767       tick             0      21685190      21685190          1702 
    183  30767       tick             0      21661961      21661961          1699 
    184  30767       tick             0      21665292      21665292          1689 
    185  30767       tick             0      21633990      21633990          1627 
    186  30767       tick             0      21674838      21674838          1683 
    187  30767       tick             0      21643340      21643340          1688 
    188  30767       tick             0      21611489      21611489          1639 
    189  30767       tick             0      21661270      21661270          1646 
    190  30767       tick             0      21678810      21678810          1705 
    191  30767       tick             0      21663400      21663400          1703 
    192  30767       tick             0      21697591      21697591          1699 
    193  30767       tick             0      21658090      21658090          1626 
    194  30767       tick             0      21598800      21598800          1712 
    195  30767       tick             0      21441110      21441110          2147 
    196  30767       tick             0      21619140      21619140          1699 
    197  30767       tick             0      21650129      21650129          1608 
    198  30767       tick             0      21642460      21642460          1710 
    199  30767       tick             0      21660991      21660991          1687 
    200  30767       tick             0      21657432      21657432          1638 
    201  30767       tick             0      21653468      21653468          1639 
    202  30767       tick             0      21509210      21509210          1617 
    203  30767       tick             0      21755670      21755670          1750 
    204  30767       exit             0       9677379       9677379          2616 
