[Event-to-counter mappings]
pmc1=itlb_misses
pmc2=l1_data_accesses
pmc3=l1_data_refills
pmc4=l1_instr_refills
[Event counts]
nsample    pid      event          pmc1          pmc2          pmc3          pmc4
      1  13592       tick          1742       9839139         23208          6960 
      2  13592       tick           391      10751723         20674          2849 
      3  13592       tick           389      10868116         21269          2889 
      4  13592       tick           399      10813544         20831          2907 
      5  13592       tick           407      10829484         20901          2876 
      6  13592       tick           388      10831207         20922          2759 
      7  13592       tick           386      10831777         21118          2640 
      8  13592       tick           414      10824188         20923          2775 
      9  13592       tick           424      10832314         21031          2821 
     10  13592       tick           420      10827718         20920          2610 
     11  13592       tick           406      10807761         20971          2846 
     12  13592       tick           410      10821084         20778          2784 
     13  13592       tick           408      10836518         20770          2824 
     14  13592       tick           415      10822453         20860          2843 
     15  13592       tick           448      10754436         20616          3261 
     16  13592       tick           386      10821311         20812          2656 
     17  13592       tick           409      10848148         20894          2711 
     18  13592       tick           401      10837865         20739          2810 
     19  13592       tick           401      10835087         20857          2750 
     20  13592       tick           404      10833902         20824          2772 
     21  13592       tick           400      10810159         20701          2875 
     22  13592       tick           426      10824272         20881          2917 
     23  13592       tick           413      10825900         20824          2851 
     24  13592       tick           414      10841443         20796          2822 
     25  13592       tick           412      10836705         20911          2835 
     26  13592       tick           412      10836739         20811          2812 
     27  13592       tick           391      10836572         20738          2751 
     28  13592       tick           395      10839719         20889          2688 
     29  13592       tick           396      10818822         20766          2788 
     30  13592       tick           397      10831206         20707          2716 
     31  13592       tick           406      10819433         20864          2858 
     32  13592       tick           406      10809366         20767          2917 
     33  13592       tick           415      10833110         20664          2840 
     34  13592       tick           419      10832540         20894          2852 
     35  13592       tick           463      10757941         20701          3211 
     36  13592       tick           392      10838956         20638          2809 
     37  13592       tick           385      10832725         20816          2659 
     38  13592       tick           399      10832807         20784          2688 
     39  13592       tick           383      10807231         20646          2784 
     40  13592       tick           418      10834735         20881          2705 
     41  13592       tick           409      10821864         20772          2880 
     42  13592       tick           411      10811561         20675          2904 
     43  13592       tick           414      10834971         20890          2828 
     44  13592       tick           401      10845191         20798          2792 
     45  13592       tick           379      10840317         20750          2730 
     46  13592       tick           408      10839762         20929          2892 
     47  13592       tick           395      10840157         20833          2628 
     48  13592       tick           393      10824607         20743          2788 
     49  13592       tick           413      10823981         20880          2779 
     50  13592       tick           408      10818214         20795          2796 
     51  13592       tick           403      10823419         20700          2872 
     52  13592       tick           426      10825050         20860          2884 
     53  13592       tick           408      10832933         20732          2870 
     54  13592       tick           400      10849903         20709          2712 
     55  13592       tick           455      10756624         20762          3337 
     56  13592       tick           397      10839528         20683          2857 
     57  13592       tick           407      10819959         20734          2691 
     58  13592       tick           416      10819903         20791          2836 
     59  13592       tick           439      10822387         20636          2836 
     60  13592       tick           395      10823476         20796          2710 
     61  13592       tick           415      10828970         20865          2924 
     62  13592       tick           395      10835696         20686          2757 
     63  13592       tick           396      10827822         20822          2771 
     64  13592       tick           395      10835927         20823          2778 
     65  13592       tick           416      10833670         20682          2880 
     66  13592       tick           425      10823409         20829          2871 
     67  13592       tick           422      10820308         20787          2780 
     68  13592       tick           405      10839323         20651          2646 
     69  13592       tick           425      10817965         20801          2824 
     70  13592       tick           403      10844216         20771          2708 
     71  13592       tick           401      10833416         20622          2788 
     72  13592       tick           404      10837502         20827          2814 
     73  13592       tick           422      10830926         20780          2816 
     74  13592       tick           412      10835963         20654          2829 
     75  13592       tick           444      10737386         20733          3249 
     76  13592       tick           384      10826442         20754          2994 
     77  13592       tick           386      10849037         20686          2661 
     78  13592       tick           396      10819138         20856          2740 
     79  13592       tick           389      10822303         20806          2869 
     80  13592       tick           386      10837811         20700          2615 
     81  13592       tick           420      10828643         20864          2769 
     82  13592       tick           422      10829392         20832          2835 
     83  13592       tick           416      10833007         20716          2860 
     84  13592       tick           406      10841145         20897          2820 
     85  13592       tick           408      10822323         20771          2862 
     86  13592       tick           414      10832906         20679          2856 
     87  13592       tick           418      10821934         20802          2774 
     88  13592       tick           412      10819703         20759          2755 
     89  13592       tick           418      10798574         20697          2901 
     90  13592       tick           404      10810246         20800          2742 
     91  13592       tick           400      10848130         20808          2754 
     92  13592       tick           399      10824791         20760          2832 
     93  13592       tick           389      10836353         20900          2816 
     94  13592       tick           407      10833207         20765          2798 
     95  13592       tick           411      10742380         20634          3274 
     96  13592       tick           374      10824726         20819          2820 
     97  13592       tick           409      10820593         20733          2811 
     98  13592       tick           400      10836570         20747          2751 
     99  13592       tick           390      10834827         20923          2876 
    100  13592       tick           402      10838783         20772          2798 
    101  13592       tick           398      10834901         20749          2716 
    102  13592       tick           410      10828836         20813          2843 
    103  13592       tick           404      10825037         20719          2790 
    104  13592       tick           397      10823104         20790          2831 
    105  13592       tick           408      10837386         20844          2857 
    106  13592       tick           409      10809132         20642          2907 
    107  13592       tick           396      10833483         20753          2819 
    108  13592       tick           406      10829371         20795          2802 
    109  13592       tick           417      10834400         20705          2865 
    110  13592       tick           412      10839258         20788          2833 
    111  13592       tick           417      10819868         20844          2732 
    112  13592       tick           400      10835997         20683          2676 
    113  13592       tick           425      10806581         20788          2868 
    114  13592       tick           411      10832607         20809          2907 
    115  13592       tick           442      10750759         20612          3295 
    116  13592       tick           396      10832543         20794          2803 
    117  13592       tick           417      10830676         20746          2766 
    118  13592       tick           398      10837125         20758          2719 
    119  13592       tick           395      10833308         20781          2702 
    120  13592       tick           403      10839294         20763          2809 
    121  13592       tick           421      10832761         20729          2827 
    122  13592       tick           424      10811122         20787          2903 
    123  13592       tick           414      10822081         20756          2905 
    124  13592       tick           412      10821558         20738          2924 
    125  13592       tick           425      10830444         20820          2899 
    126  13592       tick           405      10834385         20763          2685 
    127  13592       tick           431      10832819         20648          2784 
    128  13592       tick           398      10837093         20842          2601 
    129  13592       tick           413      10830417         20729          2884 
    130  13592       tick           395      10832122         20701          2883 
    131  13592       tick           391      10818182         20802          2850 
    132  13592       tick           390      10820759         20663          2798 
    133  13592       tick           385      10822928         20678          2743 
    134  13592       tick           407      10830793         20832          2751 
    135  13592       tick           446      10761797         20627          3250 
    136  13592       tick           410      10822272         20719          2769 
    137  13592       tick           399      10832058         20820          2717 
    138  13592       tick           424      10837347         20713          2689 
    139  13592       tick           419      10831480         20765          2748 
    140  13592       tick           415      10827435         20864          2839 
    141  13592       tick           397      10829899         20636          2818 
    142  13592       exit           144        305007           772           696 
