[Event-to-counter mappings]
pmc1=l2_cache_accesses
pmc2=l2_cache_refills
pmc3=l2_cache_writebacks
pmc4=llc_accesses
[Event counts]
nsample    pid      event          pmc1          pmc2          pmc3          pmc4
      1  15532       tick        109475         15327          4949        109475 
      2  15532       tick         58329            39            25         58329 
      3  15532       tick         44122           540           859         44122 
      4  15532       tick         24127           276          1555         24127 
      5  15532       tick         24306           405          1576         24306 
      6  15532       tick         24364           293          1621         24364 
      7  15532       tick         27365           726          1845         27365 
      8  15532       tick         24745           322          1551         24745 
      9  15532       tick         24785           379          1635         24785 
     10  15532       tick         24864           463          1620         24864 
     11  15532       tick         25544           409          1645         25544 
     12  15532       tick         25362           374          1588         25362 
     13  15532       tick         23902           345          1582         23902 
     14  15532       tick         24163           315          1551         24163 
     15  15532       tick         24808           366          1677         24808 
     16  15532       tick         24132           319          1543         24132 
     17  15532       tick         26187           558          1638         26187 
     18  15532       tick         25078           410          1632         25078 
     19  15532       tick         24582           329          1590         24582 
     20  15532       tick         24923           385          1556         24923 
     21  15532       tick         24637           410          1638         24637 
     22  15532       tick         24301           356          1687         24301 
     23  15532       tick         24479           330          1602         24479 
     24  15532       tick         24745           386          1636         24745 
     25  15532       tick         24579           308          1594         24579 
     26  15532       tick         25223           336          1565         25223 
     27  15532       tick         28014           632          1779         28014 
     28  15532       tick         24832           349          1520         24832 
     29  15532       tick         24863           351          1617         24863 
     30  15532       tick         24762           457          1712         24762 
     31  15532       tick         24354           295          1556         24354 
     32  15532       tick         25041           393          1705         25041 
     33  15532       tick         24462           273          1577         24462 
     34  15532       tick         25427           403          1710         25427 
     35  15532       tick         25335           473          1656         25335 
     36  15532       tick         24384           328          1579         24384 
     37  15532       tick         25945           457          1654         25945 
     38  15532       tick         25440           505          1704         25440 
     39  15532       tick         24703           396          1591         24703 
     40  15532       tick         23799           278          1569         23799 
     41  15532       tick         26199           417          1802         26199 
     42  15532       tick         24419           273          1588         24419 
     43  15532       tick         24856           302          1666         24856 
     44  15532       tick         24983           497          1630         24983 
     45  15532       tick         28152           578          1642         28152 
     46  15532       tick         25073           378          1698         25073 
     47  15532       tick         25178           425          1733         25178 
     48  15532       tick         25193           375          1545         25193 
     49  15532       tick         26718           483          1788         26718 
     50  15532       tick         25227           389          1700         25227 
     51  15532       tick         25037           370          1641         25037 
     52  15532       tick         25079           429          1737         25079 
     53  15532       tick         27450           407          1740         27450 
     54  15532       tick         24565           378          1591         24565 
     55  15532       tick         24807           398          1708         24807 
     56  15532       tick         24607           346          1588         24607 
     57  15532       tick         25149           487          1715         25149 
     58  15532       tick         24718           419          1652         24718 
     59  15532       tick         25418           404          1695         25418 
     60  15532       tick         27053           394          1683         27053 
     61  15532       tick         25321           469          1630         25321 
     62  15532       tick         24552           323          1584         24552 
     63  15532       tick         25011           341          1662         25011 
     64  15532       tick         25349           396          1651         25349 
     65  15532       tick         25317           376          1722         25317 
     66  15532       tick         24761           383          1639         24761 
     67  15532       tick         26073           382          1671         26073 
     68  15532       tick         24896           384          1635         24896 
     69  15532       tick         25401           439          1677         25401 
     70  15532       tick         24905           397          1664         24905 
     71  15532       tick         24694           391          1701         24694 
     72  15532       tick         25389           332          1635         25389 
     73  15532       tick         24985           272          1637         24985 
     74  15532       tick         25231           343          1707         25231 
     75  15532       tick         24773           415          1649         24773 
     76  15532       tick         25555           468          1687         25555 
     77  15532       tick         26276           422          1643         26276 
     78  15532       tick         24802           323          1612         24802 
     79  15532       tick         24160           466          1626         24160 
     80  15532       tick         25031           422          1641         25031 
     81  15532       tick         25397           323          1624         25397 
     82  15532       tick         24278           264          1471         24278 
     83  15532       tick         24877           313          1603         24877 
     84  15532       tick         24536           312          1613         24536 
     85  15532       tick         24800           327          1569         24800 
     86  15532       tick         24787           428          1693         24787 
     87  15532       tick         25331           396          1606         25331 
     88  15532       tick         24734           335          1553         24734 
     89  15532       tick         25515           394          1679         25515 
     90  15532       tick         24949           346          1683         24949 
     91  15532       tick         25711           470          1659         25711 
     92  15532       tick         25632           356          1668         25632 
     93  15532       tick         25009           375          1662         25009 
     94  15532       tick         25084           297          1584         25084 
     95  15532       tick         25516           422          1749         25516 
     96  15532       tick         24769           452          1689         24769 
     97  15532       tick         25820           408          1622         25820 
     98  15532       tick         24671           484          1608         24671 
     99  15532       tick         25702           451          1715         25702 
    100  15532       tick         24882           360          1666         24882 
    101  15532       tick         25177           459          1666         25177 
    102  15532       tick         24628           337          1691         24628 
    103  15532       tick         24253           311          1575         24253 
    104  15532       tick         25161           476          1643         25161 
    105  15532       tick         24855           382          1687         24855 
    106  15532       tick         24308           369          1662         24308 
    107  15532       tick         25122           348          1572         25122 
    108  15532       tick         24944           316          1638         24944 
    109  15532       tick         24724           380          1662         24724 
    110  15532       tick         25297           405          1695         25297 
    111  15532       tick         24760           292          1672         24760 
    112  15532       tick         25877           373          1742         25877 
    113  15532       tick         25052           351          1749         25052 
    114  15532       tick         24950           369          1703         24950 
    115  15532       tick         24432           289          1641         24432 
    116  15532       tick         25213           406          1695         25213 
    117  15532       tick         25791           378          1610         25791 
    118  15532       tick         25226           351          1616         25226 
    119  15532       tick         25581           335          1722         25581 
    120  15532       tick         24858           332          1660         24858 
    121  15532       tick         24932           335          1566         24932 
    122  15532       tick         25204           316          1604         25204 
    123  15532       tick         24566           366          1579         24566 
    124  15532       tick         25342           387          1747         25342 
    125  15532       tick         28269           369          1734         28269 
    126  15532       tick         24409           276          1489         24409 
    127  15532       tick         26462           491          1657         26462 
    128  15532       tick         24451           334          1497         24451 
    129  15532       tick         26079           338          1533         26079 
    130  15532       tick         24674           461          1640         24674 
    131  15532       tick         25159           285          1566         25159 
    132  15532       tick         25213           343          1553         25213 
    133  15532       tick         26655           401          1593         26655 
    134  15532       tick         24716           403          1630         24716 
    135  15532       tick         24919           359          1660         24919 
    136  15532       tick         24650           322          1608         24650 
    137  15532       tick         27078           518          1733         27078 
    138  15532       tick         24389           320          1612         24389 
    139  15532       tick         25021           366          1684         25021 
    140  15532       tick         26928           471          1792         26928 
    141  15532       tick         24959           436          1664         24959 
    142  15532       tick         25251           344          1598         25251 
    143  15532       tick         25050           365          1663         25050 
    144  15532       tick         24772           260          1597         24772 
    145  15532       tick         25226           391          1612         25226 
    146  15532       tick         24779           283          1675         24779 
    147  15532       tick         26647           513          1688         26647 
    148  15532       tick         24812           344          1638         24812 
    149  15532       tick         25499           352          1672         25499 
    150  15532       tick         24528           366          1676         24528 
    151  15532       tick         25071           368          1729         25071 
    152  15532       tick         23744           330          1617         23744 
    153  15532       tick         26014           367          1727         26014 
    154  15532       tick         24886           385          1754         24886 
    155  15532       tick         24782           415          1690         24782 
    156  15532       tick         24702           385          1723         24702 
    157  15532       tick         25199           447          1801         25199 
    158  15532       tick         24741           417          1747         24741 
    159  15532       tick         25206           421          1691         25206 
    160  15532       tick         25313           317          1599         25313 
    161  15532       tick         25207           332          1711         25207 
    162  15532       tick         24935           311          1621         24935 
    163  15532       tick         25207           439          1758         25207 
    164  15532       tick         24977           295          1668         24977 
    165  15532       tick         25267           375          1713         25267 
    166  15532       tick         24604           363          1685         24604 
    167  15532       tick         25116           446          1702         25116 
    168  15532       tick         25017           303          1644         25017 
    169  15532       tick         25034           442          1689         25034 
    170  15532       tick         25031           423          1664         25031 
    171  15532       tick         25018           316          1707         25018 
    172  15532       tick         25054           432          1651         25054 
    173  15532       tick         25377           305          1728         25377 
    174  15532       tick         24866           333          1608         24866 
    175  15532       tick         24122           346          1591         24122 
    176  15532       tick         25204           434          1707         25204 
    177  15532       exit          8594          1948           787          8594 
