[Event-to-counter mappings]
pmc1=inmediate_branches_retired
pmc2=instr
pmc3=instr_arch_executed
pmc4=instr_cache_access
[Event counts]
nsample    pid      event          pmc1          pmc2          pmc3          pmc4
      1   9671       tick        199186      16672324      16672324       6535210 
      2   9671       tick        141250      19390717      19390717       7429859 
      3   9671       tick        141379      19410399      19410399       7439201 
      4   9671       tick        141810      19471981      19471981       7463262 
      5   9671       tick        141720      19460281      19460281       7459558 
      6   9671       tick        141143      19374237      19374237       7425747 
      7   9671       tick        141199      19387020      19387020       7429922 
      8   9671       tick        141181      19385740      19385740       7429811 
      9   9671       tick        140425      19279262      19279262       7386802 
     10   9671       tick        139541      19154328      19154328       7338247 
     11   9671       tick        141362      19411227      19411227       7439346 
     12   9671       tick        141864      19477490      19477490       7465400 
     13   9671       tick        140838      19338882      19338882       7411433 
     14   9671       tick        141574      19433861      19433861       7448675 
     15   9671       tick        141108      19374029      19374029       7426057 
     16   9671       tick        141630      19448002      19448002       7453069 
     17   9671       tick        141538      19430017      19430017       7447257 
     18   9671       tick        139525      19156118      19156118       7338498 
     19   9671       tick        141378      19411151      19411151       7438871 
     20   9671       tick        136626      18757290      18757290       7186981 
     21   9671       tick        144492      19842026      19842026       7603019 
     22   9671       tick        140685      19313600      19313600       7400850 
     23   9671       tick        140415      19277500      19277500       7387375 
     24   9671       tick        142134      19516040      19516040       7480019 
     25   9671       tick        141234      19391235      19391235       7432057 
     26   9671       tick        141178      19381617      19381617       7428225 
     27   9671       tick        141342      19406420      19406420       7436776 
     28   9671       tick        139669      19175318      19175318       7347205 
     29   9671       tick        140982      19359382      19359382       7417640 
     30   9671       tick        139363      19133124      19133124       7330188 
     31   9671       tick        141107      19370080      19370080       7423753 
     32   9671       tick        140118      19239031      19239031       7371041 
     33   9671       tick        140353      19270873      19270873       7384086 
     34   9671       tick        142008      19498706      19498706       7473492 
     35   9671       tick        141036      19365343      19365343       7420585 
     36   9671       tick        141250      19388073      19388073       7430400 
     37   9671       tick        140588      19303806      19303806       7396487 
     38   9671       tick        140587      19301852      19301852       7397923 
     39   9671       tick        142026      19501757      19501757       7473793 
     40   9671       tick        139288      19119846      19119846       7324166 
     41   9671       tick        140623      19307171      19307171       7398240 
     42   9671       tick        141054      19369091      19369091       7422213 
     43   9671       tick        140964      19353480      19353480       7416289 
     44   9671       tick        141682      19449996      19449996       7455235 
     45   9671       tick        141576      19440314      19440314       7451603 
     46   9671       tick        141865      19479030      19479030       7464702 
     47   9671       tick        141486      19426290      19426290       7444646 
     48   9671       tick        141592      19435898      19435898       7449566 
     49   9671       tick        141432      19421478      19421478       7443409 
     50   9671       tick        137904      18932793      18932793       7248634 
     51   9671       tick        140874      19342275      19342275       7411986 
     52   9671       tick        141036      19365818      19365818       7422538 
     53   9671       tick        141516      19425054      19425054       7444392 
     54   9671       tick        141978      19495097      19495097       7472695 
     55   9671       tick        139128      19101169      19101169       7321588 
     56   9671       tick        143608      19716755      19716755       7555027 
     57   9671       tick        141504      19428164      19428164       7445713 
     58   9671       tick        141954      19492647      19492647       7470960 
     59   9671       tick        140890      19339108      19339108       7412118 
     60   9671       tick        140010      19224620      19224620       7365188 
     61   9671       tick        140136      19240185      19240185       7371493 
     62   9671       tick        141576      19439136      19439136       7450492 
     63   9671       tick        141342      19408116      19408116       7438754 
     64   9671       tick        139720      19177122      19177122       7348643 
     65   9671       tick        141108      19374721      19374721       7425339 
     66   9671       tick        141882      19481508      19481508       7467196 
     67   9671       tick        141342      19409006      19409006       7437976 
     68   9671       tick        141520      19426117      19426117       7445287 
     69   9671       tick        140856      19340675      19340675       7411351 
     70   9671       tick        139759      19187339      19187339       7349974 
     71   9671       tick        141252      19395428      19395428       7433661 
     72   9671       tick        141142      19376469      19376469       7426356 
     73   9671       tick        141882      19479934      19479934       7465922 
     74   9671       tick        140640      19311619      19311619       7400680 
     75   9671       tick        141720      19457924      19457924       7457026 
     76   9671       tick        140890      19340860      19340860       7411837 
     77   9671       tick        141360      19408992      19408992       7438265 
     78   9671       tick        141487      19427482      19427482       7445386 
     79   9671       tick        140658      19312205      19312205       7400713 
     80   9671       tick        138408      19002657      19002657       7276012 
     81   9671       tick        139754      19183619      19183619       7350758 
     82   9671       tick        139977      19219626      19219626       7364610 
     83   9671       tick        141936      19490289      19490289       7468448 
     84   9671       tick        139345      19130145      19130145       7327697 
     85   9671       tick        141540      19433894      19433894       7448378 
     86   9671       tick        141521      19428829      19428829       7447249 
     87   9671       tick        141954      19489594      19489594       7470213 
     88   9671       tick        138786      19056532      19056532       7298546 
     89   9671       tick        141774      19467041      19467041       7461210 
     90   9671       tick        139416      19141855      19141855       7332225 
     91   9671       tick        140531      19289320      19289320       7391991 
     92   9671       tick        141342      19406649      19406649       7437985 
     93   9671       tick        140424      19281183      19281183       7387959 
     94   9671       tick        140893      19345970      19345970       7413938 
     95   9671       tick        140028      19224392      19224392       7365468 
     96   9671       tick        141539      19430165      19430165       7446758 
     97   9671       tick        140010      19222795      19222795       7365789 
     98   9671       tick        141396      19414866      19414866       7439060 
     99   9671       tick        141774      19466997      19466997       7461625 
    100   9671       tick        138768      19052035      19052035       7296043 
    101   9671       tick        139774      19186158      19186158       7350538 
    102   9671       tick        141360      19410765      19410765       7439813 
    103   9671       tick        141432      19420113      19420113       7443244 
    104   9671       tick        140550      19298062      19298062       7395457 
    105   9671       tick        140674      19309745      19309745       7399066 
    106   9671       tick        140676      19315144      19315144       7400513 
    107   9671       tick        141756      19464065      19464065       7459966 
    108   9671       tick        140100      19236870      19236870       7370187 
    109   9671       tick        140972      19355559      19355559       7416541 
    110   9671       tick        138724      19045608      19045608       7295521 
    111   9671       tick        141017      19358253      19358253       7419624 
    112   9671       tick        139956      19215182      19215182       7363355 
    113   9671       tick        141882      19481582      19481582       7465471 
    114   9671       tick        140838      19338621      19338621       7410780 
    115   9671       tick        141070      19364817      19364817       7422387 
    116   9671       tick        140875      19343476      19343476       7412217 
    117   9671       tick        141792      19468994      19468994       7461516 
    118   9671       tick        140046      19228778      19228778       7367294 
    119   9671       tick        140998      19354135      19354135       7417744 
    120   9671       tick        139488      19152096      19152096       7336139 
    121   9671       tick        140604      19304593      19304593       7397660 
    122   9671       tick        140874      19343259      19343259       7412801 
    123   9671       tick        141090      19372100      19372100       7422958 
    124   9671       tick        141430      19415787      19415787       7441539 
    125   9671       tick        140532      19293598      19293598       7393151 
    126   9671       tick        141360      19411723      19411723       7438812 
    127   9671       tick        141361      19408827      19408827       7439506 
    128   9671       tick        141502      19424529      19424529       7443602 
    129   9671       tick        141414      19415552      19415552       7440374 
    130   9671       tick        139038      19090523      19090523       7311707 
    131   9671       tick        141882      19481770      19481770       7467451 
    132   9671       tick        140422      19275652      19275652       7386574 
    133   9671       tick        141414      19416918      19416918       7441543 
    134   9671       tick        141486      19426839      19426839       7446066 
    135   9671       tick        140208      19250537      19250537       7376163 
    136   9671       tick        141088      19368227      19368227       7422146 
    137   9671       tick        141774      19465920      19465920       7461166 
    138   9671       tick        141936      19490570      19490570       7470693 
    139   9671       tick        141387      19409947      19409947       7438625 
    140   9671       tick        135988      18670662      18670662       7153225 
    141   9671       tick        145048      19914826      19914826       7631928 
    142   9671       tick        139992      19219580      19219580       7364153 
    143   9671       tick        141792      19470029      19470029       7462060 
    144   9671       tick        141016      19357836      19357836       7419438 
    145   9671       tick        141090      19373020      19373020       7424769 
    146   9671       tick        141360      19409909      19409909       7438380 
    147   9671       tick        141931      19486496      19486496       7468775 
    148   9671       tick        141418      19413939      19413939       7440855 
    149   9671       tick        140694      19318108      19318108       7402592 
    150   9671       tick        140641      19309184      19309184       7398661 
    151   9671       tick        140964      19354814      19354814       7417010 
    152   9671       tick        140530      19290682      19290682       7392189 
    153   9671       tick        141288      19400085      19400085       7434967 
    154   9671       tick        141882      19481381      19481381       7466694 
    155   9671       tick        140623      19308793      19308793       7399457 
    156   9671       tick        140998      19353999      19353999       7416786 
    157   9671       tick        140838      19338262      19338262       7411413 
    158   9671       tick        142314      19540468      19540468       7488605 
    159   9671       tick        141070      19366385      19366385       7421614 
    160   9671       tick        139651      19172995      19172995       7344633 
    161   9671       tick        140182      19247343      19247343       7374923 
    162   9671       tick        141387      19412351      19412351       7439713 
    163   9671       tick        141343      19408220      19408220       7438257 
    164   9671       tick        141395      19408709      19408709       7439975 
    165   9671       tick        141054      19369022      19369022       7422489 
    166   9671       tick        141306      19400483      19400483       7435335 
    167   9671       tick        141918      19487409      19487409       7469449 
    168   9671       tick        141016      19357392      19357392       7418188 
    169   9671       tick        141468      19425815      19425815       7444837 
    170   9671       tick        137274      18845868      18845868       7213345 
    171   9671       tick        141342      19406320      19406320       7438450 
    172   9671       tick        140424      19280254      19280254       7388394 
    173   9671       tick        141395      19409375      19409375       7438310 
    174   9671       tick        140442      19283683      19283683       7388062 
    175   9671       tick        137922      18936542      18936542       7255854 
    176   9671       tick        143646      19724180      19724180       7558488 
    177   9671       tick        139326      19130560      19130560       7328463 
    178   9671       tick        141395      19409377      19409377       7439648 
    179   9671       tick        141451      19421803      19421803       7444403 
    180   9671       tick        140802      19333086      19333086       7408237 
    181   9671       tick        140497      19290684      19290684       7392431 
    182   9671       tick        139614      19168601      19168601       7347172 
    183   9671       tick        142744      19595896      19595896       7509379 
    184   9671       tick        141936      19489125      19489125       7470176 
    185   9671       tick        139236      19116961      19116961       7322519 
    186   9671       tick        141324      19404222      19404222       7436312 
    187   9671       tick        140800      19326253      19326253       7407223 
    188   9671       tick        141558      19438958      19438958       7449148 
    189   9671       tick        141378      19411951      19411951       7439081 
    190   9671       tick        139057      19090596      19090596       7311420 
    191   9671       tick        140908      19343374      19343374       7412951 
    192   9671       tick        141470      19425311      19425311       7444957 
    193   9671       tick        141307      19402076      19402076       7435857 
    194   9671       tick        140656      19310653      19310653       7399160 
    195   9671       tick        140165      19243445      19243445       7374318 
    196   9671       tick        141701      19454334      19454334       7455260 
    197   9671       tick        141442      19421163      19421163       7442877 
    198   9671       tick        141360      19408567      19408567       7437594 
    199   9671       tick        140169      19240490      19240490       7371490 
    200   9671       tick        141885      19482576      19482576       7467615 
    201   9671       tick        139885      19205968      19205968       7358254 
    202   9671       tick        140100      19236464      19236464       7370179 
    203   9671       tick        141756      19463311      19463311       7458949 
    204   9671       tick        140980      19353002      19353002       7416373 
    205   9671       tick        141450      19421678      19421678       7443464 
    206   9671       tick        140820      19336876      19336876       7409890 
    207   9671       tick        141538      19429114      19429114       7446913 
    208   9671       tick        141468      19424076      19424076       7444484 
    209   9671       tick        139791      19192389      19192389       7352540 
    210   9671       tick        141849      19477483      19477483       7464879 
    211   9671       tick        140926      19345601      19345601       7413409 
    212   9671       tick        139129      19101069      19101069       7316440 
    213   9671       tick        141414      19418501      19418501       7442035 
    214   9671       tick        141216      19388016      19388016       7430551 
    215   9671       tick        141594      19444048      19444048       7452387 
    216   9671       tick        139856      19196596      19196596       7355211 
    217   9671       tick        141458      19423832      19423832       7444533 
    218   9671       tick        141666      19450999      19450999       7453464 
    219   9671       tick        139182      19109981      19109981       7318920 
    220   9671       tick        140406      19278001      19278001       7387583 
    221   9671       tick        140206      19246400      19246400       7374717 
    222   9671       tick        141378      19411279      19411279       7439475 
    223   9671       tick        141324      19404429      19404429       7436613 
    224   9671       tick        140802      19333450      19333450       7408927 
    225   9671       tick        141482      19420522      19420522       7443560 
    226   9671       tick        141218      19391593      19391593       7431513 
    227   9671       tick        140568      19299665      19299665       7394862 
    228   9671       tick        140694      19318447      19318447       7402277 
    229   9671       tick        139514      19154781      19154781       7337253 
    230   9671       tick        135953      18663896      18663896       7142543 
    231   9671       tick        141864      19479317      19479317       7466113 
    232   9671       tick        140494      19285832      19285832       7392170 
    233   9671       tick        141792      19468264      19468264       7460851 
    234   9671       tick        140424      19282649      19282649       7389010 
    235   9671       tick        140406      19278164      19278164       7385270 
    236   9671       tick        141160      19375964      19375964       7425451 
    237   9671       tick        141342      19407189      19407189       7437713 
    238   9671       tick        141864      19479510      19479510       7466305 
    239   9671       tick        141271      19395788      19395788       7433661 
    240   9671       tick        139461      19146656      19146656       7334324 
    241   9671       tick        140989      19357004      19357004       7418858 
    242   9671       tick        141415      19416390      19416390       7441470 
    243   9671       tick        141396      19415028      19415028       7440840 
    244   9671       tick        140451      19281384      19281384       7388459 
    245   9671       tick        140341      19266239      19266239       7382220 
    246   9671       tick        141828      19474688      19474688       7465110 
    247   9671       tick        141450      19421929      19421929       7443765 
    248   9671       tick        141718      19454620      19454620       7457687 
    249   9671       tick        140190      19249104      19249104       7373894 
    250   9671       tick        141054      19367003      19367003       7422007 
    251   9671       tick        142062      19504926      19504926       7476546 
    252   9671       tick        141520      19429056      19429056       7446651 
    253   9671       tick        141127      19375440      19375440       7426289 
    254   9671       tick        140893      19346177      19346177       7414114 
    255   9671       tick        140352      19269718      19269718       7383801 
    256   9671       tick        141538      19431007      19431007       7447965 
    257   9671       tick        141360      19409270      19409270       7438330 
    258   9671       tick        141972      19494234      19494234       7472024 
    259   9671       tick        140676      19314794      19314794       7400235 
    260   9671       tick        141053      19362184      19362184       7420146 
    261   9671       tick        140496      19291676      19291676       7392445 
    262   9671       tick        142044      19504138      19504138       7475070 
    263   9671       tick        141034      19359501      19359501       7419493 
    264   9671       tick        141000      19358931      19358931       7419007 
    265   9671       tick        140622      19308555      19308555       7399730 
    266   9671       tick        141451      19421062      19421062       7443097 
    267   9671       tick        140973      19354629      19354629       7418360 
    268   9671       tick        141277      19396760      19396760       7433725 
    269   9671       tick        140460      19285286      19285286       7388645 
    270   9671       tick        141054      19367529      19367529       7422224 
    271   9671       tick        141556      19431517      19431517       7447651 
    272   9671       tick        141792      19469647      19469647       7462217 
    273   9671       tick        141378      19411768      19411768       7439670 
    274   9671       tick        141306      19401887      19401887       7435821 
    275   9671       tick        140368      19268602      19268602       7382818 
    276   9671       tick        141217      19388296      19388296       7430824 
    277   9671       tick        141000      19361743      19361743       7419347 
    278   9671       tick        141990      19495933      19495933       7473016 
    279   9671       tick        139354      19130461      19130461       7327756 
    280   9671       tick        141368      19408894      19408894       7437956 
    281   9671       tick        140694      19316643      19316643       7402115 
    282   9671       tick        141846      19478046      19478046       7465513 
    283   9671       tick        140764      19322898      19322898       7405657 
    284   9671       tick        141450      19420445      19420445       7442169 
    285   9671       tick        141342      19407174      19407174       7438205 
    286   9671       tick        141343      19407782      19407782       7438227 
    287   9671       tick        141088      19368360      19368360       7422590 
    288   9671       tick        141360      19407868      19407868       7438932 
    289   9671       tick        139686      19180081      19180081       7347059 
    290   9671       tick        141810      19470785      19470785       7462417 
    291   9671       tick        139988      19220385      19220385       7363723 
    292   9671       tick        141920      19483026      19483026       7466919 
    293   9671       tick        141306      19401978      19401978       7436936 
    294   9671       tick        141533      19433146      19433146       7448024 
    295   9671       tick        137551      18886061      18886061       7238148 
    296   9671       tick        144851      19885807      19885807       7621116 
    297   9671       tick        140982      19357495      19357495       7417372 
    298   9671       tick        140682      19315615      19315615       7401823 
    299   9671       tick        140274      19254023      19254023       7376310 
    300   9671       tick        141360      19411470      19411470       7439003 
    301   9671       tick        140658      19311946      19311946       7399885 
    302   9671       tick        139128      19102404      19102404       7317781 
    303   9671       tick        141235      19391684      19391684       7431647 
    304   9671       tick        141090      19368736      19368736       7423323 
    305   9671       tick        140944      19351604      19351604       7416649 
    306   9671       tick        139777      19190371      19190371       7352781 
    307   9671       tick        141720      19459460      19459460       7457416 
    308   9671       tick        140757      19324418      19324418       7404791 
    309   9671       tick        140269      19257681      19257681       7378304 
    310   9671       tick        140118      19236862      19236862       7370126 
    311   9671       tick        141054      19367603      19367603       7421335 
    312   9671       tick        141936      19488749      19488749       7470116 
    313   9671       tick        141322      19401895      19401895       7436401 
    314   9671       tick        141162      19381582      19381582       7427449 
    315   9671       tick        141468      19423770      19423770       7444648 
    316   9671       tick        141172      19381472      19381472       7428226 
    317   9671       tick        139963      19216097      19216097       7361942 
    318   9671       tick        140784      19328018      19328018       7406643 
    319   9671       tick        141127      19379164      19379164       7425576 
    320   9671       tick        141432      19419676      19419676       7442004 
    321   9671       tick        139864      19198604      19198604       7357165 
    322   9671       tick        141882      19480290      19480290       7464486 
    323   9671       tick        141774      19467346      19467346       7461218 
    324   9671       tick        141072      19369054      19369054       7422990 
    325   9671       tick        141124      19372661      19372661       7424549 
    326   9671       tick        141208      19389083      19389083       7430428 
    327   9671       tick        141962      19492159      19492159       7470925 
    328   9671       tick        140559      19297270      19297270       7395683 
    329   9671       tick        139711      19179683      19179683       7346975 
    330   9671       tick        141285      19399044      19399044       7433761 
    331   9671       tick        139186      19109559      19109559       7318471 
    332   9671       tick        141000      19359991      19359991       7418388 
    333   9671       tick        141792      19469978      19469978       7462347 
    334   9671       tick        140477      19283828      19283828       7389994 
    335   9671       tick        140982      19356383      19356383       7418171 
    336   9671       tick        141288      19400778      19400778       7435288 
    337   9671       tick        141646      19444953      19444953       7452651 
    338   9671       tick        141244      19392619      19392619       7432205 
    339   9671       tick        139587      19165722      19165722       7340456 
    340   9671       tick        141450      19421781      19421781       7443545 
    341   9671       tick        141072      19370382      19370382       7422871 
    342   9671       tick        139900      19203181      19203181       7357477 
    343   9671       tick        142206      19525162      19525162       7483619 
    344   9671       tick        140856      19340227      19340227       7411653 
    345   9671       tick        140839      19337969      19337969       7411195 
    346   9671       tick        141004      19356944      19356944       7418273 
    347   9671       tick        141894      19483582      19483582       7468110 
    348   9671       tick        140424      19279181      19279181       7386755 
    349   9671       tick        139416      19142265      19142265       7333519 
    350   9671       tick        141682      19449385      19449385       7453873 
    351   9671       tick        141792      19469630      19469630       7462316 
    352   9671       tick        140478      19287466      19287466       7390461 
    353   9671       tick        141864      19480164      19480164       7466330 
    354   9671       tick        140188      19243492      19243492       7373420 
    355   9671       tick        141882      19480657      19480657       7466674 
    356   9671       tick        141306      19402005      19402005       7436307 
    357   9671       tick        141000      19359675      19359675       7420367 
    358   9671       tick        140800      19327724      19327724       7404581 
    359   9671       tick        139614      19170151      19170151       7343389 
    360   9671       tick        141990      19494699      19494699       7471729 
    361   9671       tick        141090      19372917      19372917       7423712 
    362   9671       tick        140908      19343798      19343798       7413085 
    363   9671       tick        141900      19482210      19482210       7467538 
    364   9671       tick        141433      19420036      19420036       7443649 
    365   9671       tick        140964      19355169      19355169       7417682 
    366   9671       tick        140944      19349334      19349334       7415566 
    367   9671       tick        140910      19346592      19346592       7413817 
    368   9671       tick        140298      19264101      19264101       7380269 
    369   9671       tick        140712      19318717      19318717       7402470 
    370   9671       tick        141574      19436027      19436027       7449414 
    371   9671       tick        141900      19484036      19484036       7468713 
    372   9671       tick        140946      19351193      19351193       7416752 
    373   9671       tick        142072      19505469      19505469       7476164 
    374   9671       tick        141237      19389878      19389878       7431139 
    375   9671       tick        140862      19340906      19340906       7411661 
    376   9671       tick        141450      19421771      19421771       7444237 
    377   9671       tick        140703      19317252      19317252       7402578 
    378   9671       tick        141025      19360928      19360928       7419821 
    379   9671       exit         29682       3527608       3527608       1358626 
